0.000000000000000000e+00 0.000000000000000000e+00
4.184905462879753672e-03 2.403749414931401319e-11
4.103708036129664061e-01 2.206109300993653807e-02
4.565467538828280603e-01 3.573114816933243426e-02
4.859290875856991931e-01 4.742122590295995421e-02
5.079150622685486560e-01 5.800790884268340608e-02
5.256508283431817752e-01 6.785768810261019746e-02
5.406003076155205811e-01 7.716832438980959774e-02
5.535708037802447024e-01 8.606191417345783468e-02
5.650574088024169495e-01 9.462052640976512108e-02
5.753868446719023755e-01 1.029026766061170439e-01
5.847866568624613404e-01 1.109519413014908584e-01
5.934220090099253664e-01 1.188018766679219407e-01
6.014167791088688153e-01 1.264790192443285277e-01
6.088663878724257517e-01 1.340048141010300453e-01
6.158459775930380520e-01 1.413969067031153604e-01
6.224158338084460063e-01 1.486700387912278654e-01
6.286250985524289847e-01 1.558366878748298490e-01
6.345143851814294411e-01 1.629075350855338500e-01
6.401176643202082239e-01 1.698918147984827820e-01
6.454636527615138508e-01 1.767975807752852346e-01
6.505768552365512880e-01 1.836319120807769489e-01
6.554783586075064727e-01 1.904010747145088722e-01
6.601864461567851228e-01 1.971106501233796937e-01
6.647170789483773934e-01 2.037656385688228211e-01
6.690842774843517304e-01 2.103705431407093540e-01
6.733004275527822990e-01 2.169294386913244999e-01
6.773765277196617252e-01 2.234460288868667099e-01
6.813223913898157624e-01 2.299236937996748387e-01
6.851468131313966925e-01 2.363655298992813347e-01
6.888577066209657929e-01 2.427743838824285294e-01
6.924622198526527717e-01 2.491528814693940996e-01
6.959668319837633010e-01 2.555034520571904944e-01
6.993774352357787771e-01 2.618283499391858560e-01
7.026994045472002570e-01 2.681296726609401215e-01
7.059376571219654339e-01 2.744093769732098287e-01
7.090967035905068050e-01 2.806692927575727414e-01
7.121806921684530334e-01 2.869111352325190434e-01
7.151934469374872094e-01 2.931365156938732786e-01
7.181385011670325946e-01 2.993469510001713907e-01
7.210191264316682114e-01 3.055438719786116031e-01
7.238383581480032358e-01 3.117286308988089782e-01
7.265990180490585759e-01 3.179025081383421436e-01
7.293037340285419834e-01 3.240667181449803924e-01
7.319549577175933353e-01 3.302224147847331315e-01
7.345549800993880218e-01 3.363706961517683447e-01
7.371059454199088146e-01 3.425126089053043832e-01
7.396098636142400817e-01 3.486491521894967693e-01
7.420686214353867660e-01 3.547812811845854619e-01
7.444839924456108093e-01 3.609099103311328993e-01
7.468576460076489232e-01 3.670359162636331329e-01
7.491911553941457136e-01 3.731601404851287995e-01
7.514860051175601408e-01 3.792833918104540625e-01
7.537435975691899603e-01 3.854064486022914515e-01
7.559652590443779463e-01 3.915300608213118649e-01
7.581522452210787133e-01 3.976549519091197582e-01
7.603057461505275949e-01 4.037818205205057076e-01
7.624268908114743004e-01 4.099113421196760587e-01
7.645167512732213844e-01 4.160441704533908713e-01
7.665763465072885641e-01 4.221809389125805168e-01
7.686066458828821890e-01 4.283222617926881748e-01
7.706085723772704288e-01 4.344687354619328756e-01
7.725830055286598830e-01 4.406209394456976902e-01
7.745307841560818973e-01 4.467794374343810326e-01
7.764527088681121292e-01 4.529447782213338325e-01
7.783495443798912339e-01 4.591174965768248795e-01
7.802220216558439780e-01 4.652981140633560830e-01
7.820708398936718764e-01 4.714871397972086320e-01
7.838966683635971711e-01 4.776850711605388211e-01
7.857001481154011202e-01 4.838923944680185718e-01
7.874818935645616635e-01 4.901095855915724719e-01
7.892424939676675466e-01 4.963371105464966515e-01
7.909825147963028824e-01 5.025754260419128538e-01
7.927024990177129471e-01 5.088249799982441646e-01
7.944029682897768563e-01 5.150862120341889172e-01
7.960844240771099978e-01 5.213595539254446409e-01
7.977473486944913761e-01 5.276454300371984374e-01
7.993922062832548026e-01 5.339442577323338934e-01
8.010194437257608380e-01 5.402564477569996582e-01
8.026294915026368493e-01 5.465824046051915852e-01
8.042227644970469935e-01 5.529225268637524282e-01
8.057996627498870135e-01 5.592772075391510000e-01
8.073605721694824267e-01 5.656468343672854671e-01
8.089058651990429505e-01 5.720317901073985745e-01
8.104359014448805354e-01 5.784324528212008154e-01
8.119510282681356994e-01 5.848491961381578896e-01
8.134515813425389208e-01 5.912823895077973235e-01
8.149378851805361146e-01 5.977323984399398604e-01
8.164102536299104873e-01 6.041995847335331904e-01
8.178689903428802976e-01 6.106843066948786092e-01
8.193143892194909572e-01 6.171869193458505709e-01
8.207467348269787966e-01 6.237077746227536190e-01
8.221663027966650272e-01 6.302472215663996735e-01
8.235733601998111997e-01 6.368056065038821822e-01
8.249681659037723103e-01 6.433832732225978068e-01
8.263509709096745759e-01 6.499805631369606207e-01
8.277220186727685114e-01 6.565978154481949547e-01
8.290815454065147971e-01 6.632353672976943892e-01
8.304297803713857062e-01 6.698935539142240048e-01
8.317669461493066851e-01 6.765727087553976560e-01
8.330932589045879633e-01 6.832731636436992773e-01
8.344089286321360044e-01 6.899952488973859488e-01
8.357141593936943114e-01 6.967392934565698193e-01
8.370091495427934847e-01 7.035056250047004855e-01
8.382940919390643453e-01 7.102945700857502542e-01
8.395691741525074248e-01 7.171064542173315459e-01
8.408345786582862580e-01 7.239416019999203034e-01
8.420904830225705018e-01 7.308003372224858296e-01
8.433370600799132699e-01 7.376829829646232017e-01
8.445744781026317538e-01 7.445898616954620408e-01
8.458029009626194528e-01 7.515212953694592191e-01
8.470224882859910265e-01 7.584776055192783417e-01
8.482333956009457943e-01 7.654591133459216490e-01
8.494357744791973808e-01 7.724661398062064865e-01
8.506297726713119012e-01 7.794990056977818549e-01
8.518155342362647708e-01 7.865580317418068290e-01
8.529931996655090165e-01 7.936435386633583500e-01
8.541629060018417485e-01 8.007558472697895446e-01
8.553247869533181502e-01 8.078952785270349102e-01
8.564789730024683356e-01 8.150621536340654227e-01
8.576255915110484462e-01 8.222567940955205490e-01
8.587647668205358187e-01 8.294795217926508313e-01
8.598966203485906012e-01 8.367306590526728538e-01
8.610212706816594563e-01 8.440105287165637904e-01
8.621388336639209671e-01 8.513194542054354219e-01
8.632494224827368390e-01 8.586577595855570122e-01
8.643531477507773175e-01 8.660257696320368126e-01
8.654501175849758088e-01 8.734238098913456039e-01
8.665404376824550337e-01 8.808522067426269864e-01
8.676242113935670464e-01 8.883112874579569551e-01
8.687015397921830084e-01 8.958013802615421017e-01
8.697725217433441847e-01 9.033228143879517003e-01
8.708372539684084979e-01 9.108759201394507343e-01
8.718958311077878998e-01 9.184610289424305352e-01
8.729483457813981273e-01 9.260784734030396148e-01
8.739948886469078859e-01 9.337285873620667642e-01
8.750355484558918207e-01 9.414117059490443307e-01
8.760704121079766482e-01 9.491281656357427599e-01
8.770995647030602749e-01 9.568783042889682511e-01
8.781230895916931622e-01 9.646624612228079654e-01
8.791410684236983242e-01 9.724809772502844840e-01
8.801535811950966792e-01 9.803341947345052265e-01
8.811607062934206924e-01 9.882224576393423554e-01
8.821625205414707072e-01 9.961461115796302890e-01
8.831590992395853545e-01 1.004105503870963645e+00
8.841505162064846601e-01 1.012100983579130364e+00
8.851368438187415810e-01 1.020132901569135164e+00
8.861181530489431468e-01 1.028201610553968415e+00
8.870945135025839479e-01 1.036307465143016637e+00
8.880659934537497024e-01 1.044450821890254399e+00
8.890326598796390867e-01 1.052632039342153769e+00
8.899945784939622406e-01 1.060851478085397925e+00
8.909518137792673542e-01 1.069109500794420020e+00
8.919044290182303047e-01 1.077406472278738647e+00
8.928524863239541975e-01 1.085742759530168966e+00
8.937960466693067874e-01 1.094118731769936570e+00
8.947351699153442972e-01 1.102534760495631705e+00
8.956699148388439502e-01 1.110991219528158380e+00
8.966003391589888460e-01 1.119488485058572458e+00
8.975264995632269427e-01 1.128026935694919297e+00
8.984484517323437780e-01 1.136606952509026547e+00
8.993662503647725792e-01 1.145228919083313368e+00
9.002799492001685167e-01 1.153893221557639182e+00
9.011896010422792980e-01 1.162600248676161074e+00
9.020952577811297557e-01 1.171350391834256488e+00
9.029969704145519582e-01 1.180144045125559149e+00
9.038947890690819387e-01 1.188981605389011875e+00
9.047887630202411380e-01 1.197863472256113448e+00
9.056789407122325386e-01 1.206790048198227883e+00
9.065653697770618136e-01 1.215761738574076212e+00
9.074480970531141333e-01 1.224778951677354399e+00
9.083271686031948455e-01 1.233842098784540209e+00
9.092026297320640049e-01 1.242951594202904797e+00
9.100745250034684153e-01 1.252107855318697505e+00
9.109428982567010502e-01 1.261311302645557575e+00
9.118077926226952901e-01 1.270562359873192992e+00
9.126692505396731825e-01 1.279861453916238068e+00
9.135273137683623812e-01 1.289209014963451638e+00
9.143820234067947528e-01 1.298605476527121105e+00
9.152334199047023056e-01 1.308051275492829291e+00
9.160815430775207657e-01 1.317546852169443783e+00
9.169264321200158996e-01 1.327092650339479762e+00
9.177681256195461268e-01 1.336689117309795893e+00
9.186066615689684189e-01 1.346336703962590420e+00
9.194420773792048029e-01 1.356035864806800273e+00
9.202744098914726889e-01 1.365787058029864998e+00
9.211036953892000056e-01 1.375590745549824412e+00
9.219299696096251440e-01 1.385447393067899213e+00
9.227532677550960294e-01 1.395357470121396437e+00
9.235736245040802039e-01 1.405321450137125172e+00
9.243910740218888034e-01 1.415339810485159111e+00
9.252056499711284188e-01 1.425413032533105806e+00
9.260173855218867267e-01 1.435541601700845549e+00
9.268263133616609917e-01 1.445726007515697686e+00
9.276324657050369904e-01 1.455966743668119623e+00
9.284358743031242422e-01 1.466264308067904087e+00
9.292365704527582038e-01 1.476619202900839589e+00
9.300345850054740904e-01 1.487031934685982160e+00
9.308299483762603188e-01 1.497503014333383398e+00
9.316226905520950119e-01 1.508032957202460000e+00
9.324128411002765571e-01 1.518622283160835584e+00
9.332004291765517712e-01 1.529271516643825102e+00
9.339854835330476668e-01 1.539981186714515227e+00
9.347680325260114831e-01 1.550751827124405846e+00
9.355481041233689732e-01 1.561583976374712801e+00
9.363257259120981724e-01 1.572478177778304342e+00
9.371009251054317479e-01 1.583434979522224895e+00
9.378737285498920384e-01 1.594454934730975326e+00
9.386441627321551184e-01 1.605538601530369869e+00
9.394122537857596544e-01 1.616686543112179075e+00
9.401780274976588858e-01 1.627899327799372964e+00
9.409415093146197284e-01 1.639177529112145537e+00
9.417027243494773270e-01 1.650521725834673603e+00
9.424616973872449455e-01 1.661932502082567487e+00
9.432184528910847465e-01 1.673410447371131315e+00
9.439730150081435678e-01 1.684956156684390027e+00
9.447254075752569147e-01 1.696570230544845348e+00
9.454756541245266099e-01 1.708253275084132605e+00
9.462237778887708783e-01 1.720005902114395635e+00
9.469698018068549716e-01 1.731828729200593830e+00
9.477137485289036656e-01 1.743722379733554373e+00
9.484556404213990710e-01 1.755687483003953275e+00
9.491954995721663124e-01 1.767724674277183050e+00
9.499333477952494054e-01 1.779834594869056374e+00
9.506692066356852155e-01 1.792017892222476316e+00
9.514030973741665065e-01 1.804275219985031375e+00
9.521350410316125057e-01 1.816607238087460496e+00
9.528650583736373303e-01 1.829014612823194774e+00
9.535931699149241547e-01 1.841498016928761361e+00
9.543193959235050094e-01 1.854058129665293153e+00
9.550437564249522060e-01 1.866695636900935540e+00
9.557662712064802779e-01 1.879411231194353826e+00
9.564869598209616575e-01 1.892205611879294924e+00
9.572058415908586415e-01 1.905079485150150687e+00
9.579229356120761985e-01 1.918033564148664327e+00
9.586382607577291770e-01 1.931068569051729744e+00
9.593518356818381276e-01 1.944185227160241780e+00
9.600636788229456320e-01 1.957384272989199925e+00
9.607738084076604679e-01 1.970666448358857847e+00
9.614822424541282775e-01 1.984032502487157901e+00
9.621889987754329576e-01 1.997483192083251424e+00
9.628940949829291052e-01 2.011019281442308682e+00
9.635975484895072940e-01 2.024641542541577799e+00
9.642993765127949590e-01 2.038350755137631420e+00
9.649995960782932203e-01 2.052147706864961396e+00
9.656982240224497582e-01 2.066033193335865104e+00
9.663952769956731803e-01 2.080008018241581880e+00
9.670907714652881015e-01 2.094072993454896281e+00
9.677847237184312723e-01 2.108228939133983459e+00
9.684771498648906407e-01 2.122476683827771549e+00
9.691680658398916792e-01 2.136817064582588355e+00
9.698574874068269791e-01 2.151250927050321504e+00
9.705454301599352185e-01 2.165779125598057409e+00
9.712319095269288383e-01 2.180402523419123550e+00
9.719169407715705367e-01 2.195121992645714837e+00
9.726005389961989156e-01 2.209938414463046730e+00
9.732827191442122716e-01 2.224852679224983198e+00
9.739634960024977639e-01 2.239865686571387737e+00
9.746428842038213913e-01 2.254978345546951424e+00
9.753208982291688978e-01 2.270191574721794225e+00
9.759975524100460431e-01 2.285506302313587756e+00
9.766728609307328002e-01 2.300923466311469934e+00
9.773468378304999149e-01 2.316444014601684476e+00
9.780194970057817239e-01 2.332068905094888400e+00
9.786908522123091148e-01 2.347799105855331359e+00
9.793609170672047393e-01 2.363635595231786457e+00
9.800297050510402563e-01 2.379579361990336039e+00
9.806972295098533854e-01 2.395631405449034190e+00
9.813635036571334291e-01 2.411792735614432193e+00
9.820285405757660513e-01 2.428064373320135250e+00
9.826923532199465239e-01 2.444447350367151994e+00
9.833549544170571144e-01 2.460942709666429362e+00
9.840163568695113883e-01 2.477551505383294383e+00
9.846765731565659818e-01 2.494274803083981418e+00
9.853356157361028433e-01 2.511113679884297678e+00
9.859934969463720611e-01 2.528069224600383080e+00
9.866502290077157067e-01 2.545142537901651902e+00
9.873058240242520434e-01 2.562334732465944676e+00
9.879602939855354204e-01 2.579646933136896525e+00
9.886136507681848595e-01 2.597080277083626321e+00
9.892659061374865503e-01 2.614635913962723990e+00
9.899170717489684801e-01 2.632315006082578623e+00
9.905671591499449757e-01 2.650118728570133086e+00
9.912161797810398189e-01 2.668048269540035378e+00
9.918641449776806063e-01 2.686104830266319077e+00
9.925110659715662420e-01 2.704289625356572913e+00
9.931569538921142248e-01 2.722603882928667840e+00
9.938018197678791799e-01 2.741048844790113126e+00
9.944456745279496301e-01 2.759625766620020126e+00
9.950885290033218977e-01 2.778335918153819861e+00
9.957303939282493577e-01 2.797180583370685092e+00
9.963712799415718191e-01 2.816161060683735062e+00
9.970111975880195931e-01 2.835278663133094401e+00
9.976501573194999084e-01 2.854534718581809294e+00
9.982881694963592345e-01 2.873930569914726174e+00
9.989252443886265098e-01 2.893467575240348477e+00
9.995613921772350530e-01 2.913147108095695881e+00
1.000196622955227266e+00 2.932970557654289046e+00
1.000830946728934689e+00 2.952939328937224772e+00
1.001464373419145737e+00 2.973054843027503225e+00
1.002096912862248779e+00 2.993318537287566361e+00
1.002728574811360573e+00 3.013731865580131952e+00
1.003359368937434937e+00 3.034296298492419108e+00
1.003989304830355200e+00 3.055013323563744443e+00
1.004618392000007576e+00 3.075884445516654520e+00
1.005246639877340309e+00 3.096911186491565715e+00
1.005874057815401956e+00 3.118095086284991435e+00
1.006500655090369012e+00 3.139437702591464152e+00
1.007126440902551767e+00 3.160940611249128285e+00
1.007751424377389515e+00 3.182605406489201982e+00
1.008375614566426437e+00 3.204433701189243422e+00
1.008999020448274830e+00 3.226427127130343742e+00
1.009621650929562575e+00 3.248587335258337205e+00
1.010243514845866386e+00 3.270915995949036148e+00
1.010864620962630855e+00 3.293414799277653682e+00
1.011484977976073507e+00 3.316085455292409723e+00
1.012104594514074751e+00 3.338929694292399830e+00
1.012723479137057403e+00 3.361949267109859640e+00
1.013341640338850214e+00 3.385145945396816458e+00
1.013959086547539634e+00 3.408521521916315411e+00
1.014575826126308034e+00 3.432077810838207288e+00
1.015191867374260815e+00 3.455816648039603312e+00
1.015807218527240874e+00 3.479739891410116304e+00
1.016421887758629294e+00 3.503849421161903344e+00
1.017035883180136269e+00 3.528147140144701766e+00
1.017649212842579587e+00 3.552634974165848281e+00
1.018261884736652245e+00 3.577314872315405125e+00
1.018873906793677175e+00 3.602188807296506479e+00
1.019485286886353093e+00 3.627258775760961562e+00
1.020096032829489907e+00 3.652526798650317374e+00
1.020706152380729259e+00 3.677994921542366402e+00
1.021315653241260613e+00 3.703665215003229871e+00
1.021924543056522250e+00 3.729539774945179520e+00
1.022532829416895828e+00 3.755620722990178795e+00
1.023140519858388053e+00 3.781910206839417476e+00
1.023747621863303703e+00 3.808410400648788663e+00
1.024354142860911754e+00 3.835123505410493738e+00
1.024960090228096865e+00 3.862051749340893014e+00
1.025565471290007080e+00 3.889197388274659328e+00
1.026170293320688653e+00 3.916562706065452648e+00
1.026774563543713548e+00 3.944150014993140108e+00
1.027378289132798050e+00 3.971961656177703581e+00
1.026000000000000023e+00 1.000000000000000000e+00
1.028999999999999915e+00 1.000000000000000000e+00
1.032000000000000028e+00 1.000000000000000000e+00
1.034999999999999920e+00 1.000000000000000000e+00
1.038000000000000034e+00 1.000000000000000000e+00
1.040999999999999925e+00 1.000000000000000000e+00
1.044000000000000039e+00 1.000000000000000000e+00
1.046999999999999931e+00 1.000000000000000000e+00
1.050000000000000044e+00 1.000000000000000000e+00
1.052999999999999936e+00 1.000000000000000000e+00
1.056000000000000050e+00 1.000000000000000000e+00
1.058999999999999941e+00 1.000000000000000000e+00
1.062000000000000055e+00 1.000000000000000000e+00
1.064999999999999947e+00 1.000000000000000000e+00
1.068000000000000060e+00 1.000000000000000000e+00
1.070999999999999952e+00 1.000000000000000000e+00
1.074000000000000066e+00 1.000000000000000000e+00
1.076999999999999957e+00 1.000000000000000000e+00
1.080000000000000071e+00 1.000000000000000000e+00
1.082999999999999963e+00 1.000000000000000000e+00
1.086000000000000076e+00 1.000000000000000000e+00
1.088999999999999968e+00 1.000000000000000000e+00
1.092000000000000082e+00 1.000000000000000000e+00
1.094999999999999973e+00 1.000000000000000000e+00
1.098000000000000087e+00 1.000000000000000000e+00
1.100999999999999979e+00 1.000000000000000000e+00
1.104000000000000092e+00 1.000000000000000000e+00
1.106999999999999984e+00 1.000000000000000000e+00
1.110000000000000098e+00 1.000000000000000000e+00
1.112999999999999989e+00 1.000000000000000000e+00
1.116000000000000103e+00 1.000000000000000000e+00
1.118999999999999995e+00 1.000000000000000000e+00
1.122000000000000108e+00 1.000000000000000000e+00
1.125000000000000000e+00 1.000000000000000000e+00
1.128000000000000114e+00 1.000000000000000000e+00
1.131000000000000005e+00 1.000000000000000000e+00
1.134000000000000119e+00 1.000000000000000000e+00
1.137000000000000011e+00 1.000000000000000000e+00
1.140000000000000124e+00 1.000000000000000000e+00
1.143000000000000016e+00 1.000000000000000000e+00
1.146000000000000130e+00 1.000000000000000000e+00
1.149000000000000021e+00 1.000000000000000000e+00
1.152000000000000135e+00 1.000000000000000000e+00
1.155000000000000027e+00 1.000000000000000000e+00
1.157999999999999918e+00 1.000000000000000000e+00
1.161000000000000032e+00 1.000000000000000000e+00
1.163999999999999924e+00 1.000000000000000000e+00
1.167000000000000037e+00 1.000000000000000000e+00
1.169999999999999929e+00 1.000000000000000000e+00
1.173000000000000043e+00 1.000000000000000000e+00
1.175999999999999934e+00 1.000000000000000000e+00
1.179000000000000048e+00 1.000000000000000000e+00
1.181999999999999940e+00 1.000000000000000000e+00
1.185000000000000053e+00 1.000000000000000000e+00
1.187999999999999945e+00 1.000000000000000000e+00
1.191000000000000059e+00 1.000000000000000000e+00
1.193999999999999950e+00 1.000000000000000000e+00
1.197000000000000064e+00 1.000000000000000000e+00
1.199999999999999956e+00 1.000000000000000000e+00
1.203000000000000069e+00 1.000000000000000000e+00
1.205999999999999961e+00 1.000000000000000000e+00
1.209000000000000075e+00 1.000000000000000000e+00
1.211999999999999966e+00 1.000000000000000000e+00
1.215000000000000080e+00 1.000000000000000000e+00
1.217999999999999972e+00 1.000000000000000000e+00
1.221000000000000085e+00 1.000000000000000000e+00
1.223999999999999977e+00 1.000000000000000000e+00
1.227000000000000091e+00 1.000000000000000000e+00
1.229999999999999982e+00 1.000000000000000000e+00
1.233000000000000096e+00 1.000000000000000000e+00
1.235999999999999988e+00 1.000000000000000000e+00
1.239000000000000101e+00 1.000000000000000000e+00
1.241999999999999993e+00 1.000000000000000000e+00
1.245000000000000107e+00 1.000000000000000000e+00
1.247999999999999998e+00 1.000000000000000000e+00
1.251000000000000112e+00 1.000000000000000000e+00
1.254000000000000004e+00 1.000000000000000000e+00
1.257000000000000117e+00 1.000000000000000000e+00
1.260000000000000009e+00 1.000000000000000000e+00
1.263000000000000123e+00 1.000000000000000000e+00
1.266000000000000014e+00 1.000000000000000000e+00
1.269000000000000128e+00 1.000000000000000000e+00
1.272000000000000020e+00 1.000000000000000000e+00
1.275000000000000133e+00 1.000000000000000000e+00
1.278000000000000025e+00 1.000000000000000000e+00
1.280999999999999917e+00 1.000000000000000000e+00
1.284000000000000030e+00 1.000000000000000000e+00
1.286999999999999922e+00 1.000000000000000000e+00
1.290000000000000036e+00 1.000000000000000000e+00
1.292999999999999927e+00 1.000000000000000000e+00
1.296000000000000041e+00 1.000000000000000000e+00
1.298999999999999932e+00 1.000000000000000000e+00
1.302000000000000046e+00 1.000000000000000000e+00
1.304999999999999938e+00 1.000000000000000000e+00
1.308000000000000052e+00 1.000000000000000000e+00
1.310999999999999943e+00 1.000000000000000000e+00
1.314000000000000057e+00 1.000000000000000000e+00
1.316999999999999948e+00 1.000000000000000000e+00
1.320000000000000062e+00 1.000000000000000000e+00
1.322999999999999954e+00 1.000000000000000000e+00
1.326000000000000068e+00 1.000000000000000000e+00
1.328999999999999959e+00 1.000000000000000000e+00
1.332000000000000073e+00 1.000000000000000000e+00
1.334999999999999964e+00 1.000000000000000000e+00
1.338000000000000078e+00 1.000000000000000000e+00
1.340999999999999970e+00 1.000000000000000000e+00
1.344000000000000083e+00 1.000000000000000000e+00
1.346999999999999975e+00 1.000000000000000000e+00
1.350000000000000089e+00 1.000000000000000000e+00
1.352999999999999980e+00 1.000000000000000000e+00
1.356000000000000094e+00 1.000000000000000000e+00
1.358999999999999986e+00 1.000000000000000000e+00
1.362000000000000099e+00 1.000000000000000000e+00
1.364999999999999991e+00 1.000000000000000000e+00
1.368000000000000105e+00 1.000000000000000000e+00
1.370999999999999996e+00 1.000000000000000000e+00
1.374000000000000110e+00 1.000000000000000000e+00
1.377000000000000002e+00 1.000000000000000000e+00
1.380000000000000115e+00 1.000000000000000000e+00
1.383000000000000007e+00 1.000000000000000000e+00
1.386000000000000121e+00 1.000000000000000000e+00
1.389000000000000012e+00 1.000000000000000000e+00
1.392000000000000126e+00 1.000000000000000000e+00
1.395000000000000018e+00 1.000000000000000000e+00
1.398000000000000131e+00 1.000000000000000000e+00
1.401000000000000023e+00 1.000000000000000000e+00
1.404000000000000137e+00 1.000000000000000000e+00
1.407000000000000028e+00 1.000000000000000000e+00
1.409999999999999920e+00 1.000000000000000000e+00
1.413000000000000034e+00 1.000000000000000000e+00
1.415999999999999925e+00 1.000000000000000000e+00
1.419000000000000039e+00 1.000000000000000000e+00
1.421999999999999931e+00 1.000000000000000000e+00
1.425000000000000044e+00 1.000000000000000000e+00
1.427999999999999936e+00 1.000000000000000000e+00
1.431000000000000050e+00 1.000000000000000000e+00
1.433999999999999941e+00 1.000000000000000000e+00
1.437000000000000055e+00 1.000000000000000000e+00
1.439999999999999947e+00 1.000000000000000000e+00
1.443000000000000060e+00 1.000000000000000000e+00
1.445999999999999952e+00 1.000000000000000000e+00
1.449000000000000066e+00 1.000000000000000000e+00
1.451999999999999957e+00 1.000000000000000000e+00
1.455000000000000071e+00 1.000000000000000000e+00
1.457999999999999963e+00 1.000000000000000000e+00
1.461000000000000076e+00 1.000000000000000000e+00
1.463999999999999968e+00 1.000000000000000000e+00
1.467000000000000082e+00 1.000000000000000000e+00
1.469999999999999973e+00 1.000000000000000000e+00
1.473000000000000087e+00 1.000000000000000000e+00
1.475999999999999979e+00 1.000000000000000000e+00
1.479000000000000092e+00 1.000000000000000000e+00
1.481999999999999984e+00 1.000000000000000000e+00
1.485000000000000098e+00 1.000000000000000000e+00
1.487999999999999989e+00 1.000000000000000000e+00
1.491000000000000103e+00 1.000000000000000000e+00
1.493999999999999995e+00 1.000000000000000000e+00
1.497000000000000108e+00 1.000000000000000000e+00
1.500000000000000000e+00 1.000000000000000000e+00
1.503000000000000114e+00 1.000000000000000000e+00
1.506000000000000005e+00 1.000000000000000000e+00
1.509000000000000119e+00 1.000000000000000000e+00
1.512000000000000011e+00 1.000000000000000000e+00
1.515000000000000124e+00 1.000000000000000000e+00
1.518000000000000016e+00 1.000000000000000000e+00
1.521000000000000130e+00 1.000000000000000000e+00
1.524000000000000021e+00 1.000000000000000000e+00
1.527000000000000135e+00 1.000000000000000000e+00
1.530000000000000027e+00 1.000000000000000000e+00
1.533000000000000140e+00 1.000000000000000000e+00
1.536000000000000032e+00 1.000000000000000000e+00
1.538999999999999924e+00 1.000000000000000000e+00
1.542000000000000037e+00 1.000000000000000000e+00
1.544999999999999929e+00 1.000000000000000000e+00
1.548000000000000043e+00 1.000000000000000000e+00
1.550999999999999934e+00 1.000000000000000000e+00
1.554000000000000048e+00 1.000000000000000000e+00
1.556999999999999940e+00 1.000000000000000000e+00
1.560000000000000053e+00 1.000000000000000000e+00
1.562999999999999945e+00 1.000000000000000000e+00
1.566000000000000059e+00 1.000000000000000000e+00
1.568999999999999950e+00 1.000000000000000000e+00
1.572000000000000064e+00 1.000000000000000000e+00
1.574999999999999956e+00 1.000000000000000000e+00
1.578000000000000069e+00 1.000000000000000000e+00
1.580999999999999961e+00 1.000000000000000000e+00
1.584000000000000075e+00 1.000000000000000000e+00
1.586999999999999966e+00 1.000000000000000000e+00
1.590000000000000080e+00 1.000000000000000000e+00
1.592999999999999972e+00 1.000000000000000000e+00
1.596000000000000085e+00 1.000000000000000000e+00
1.598999999999999977e+00 1.000000000000000000e+00
1.602000000000000091e+00 1.000000000000000000e+00
1.604999999999999982e+00 1.000000000000000000e+00
1.608000000000000096e+00 1.000000000000000000e+00
1.610999999999999988e+00 1.000000000000000000e+00
1.614000000000000101e+00 1.000000000000000000e+00
1.616999999999999993e+00 1.000000000000000000e+00
1.620000000000000107e+00 1.000000000000000000e+00
1.622999999999999998e+00 1.000000000000000000e+00
1.626000000000000112e+00 1.000000000000000000e+00
1.629000000000000004e+00 1.000000000000000000e+00
1.632000000000000117e+00 1.000000000000000000e+00
1.635000000000000009e+00 1.000000000000000000e+00
1.638000000000000123e+00 1.000000000000000000e+00
1.641000000000000014e+00 1.000000000000000000e+00
1.644000000000000128e+00 1.000000000000000000e+00
1.647000000000000020e+00 1.000000000000000000e+00
1.650000000000000133e+00 1.000000000000000000e+00
1.653000000000000025e+00 1.000000000000000000e+00
1.656000000000000139e+00 1.000000000000000000e+00
1.659000000000000030e+00 1.000000000000000000e+00
1.662000000000000144e+00 1.000000000000000000e+00
1.665000000000000036e+00 1.000000000000000000e+00
1.667999999999999927e+00 1.000000000000000000e+00
1.671000000000000041e+00 1.000000000000000000e+00
1.673999999999999932e+00 1.000000000000000000e+00
1.677000000000000046e+00 1.000000000000000000e+00
1.679999999999999938e+00 1.000000000000000000e+00
1.683000000000000052e+00 1.000000000000000000e+00
1.685999999999999943e+00 1.000000000000000000e+00
1.689000000000000057e+00 1.000000000000000000e+00
1.691999999999999948e+00 1.000000000000000000e+00
1.695000000000000062e+00 1.000000000000000000e+00
1.697999999999999954e+00 1.000000000000000000e+00
1.701000000000000068e+00 1.000000000000000000e+00
1.703999999999999959e+00 1.000000000000000000e+00
1.707000000000000073e+00 1.000000000000000000e+00
1.709999999999999964e+00 1.000000000000000000e+00
1.713000000000000078e+00 1.000000000000000000e+00
1.715999999999999970e+00 1.000000000000000000e+00
1.719000000000000083e+00 1.000000000000000000e+00
1.721999999999999975e+00 1.000000000000000000e+00
1.725000000000000089e+00 1.000000000000000000e+00
1.727999999999999980e+00 1.000000000000000000e+00
1.731000000000000094e+00 1.000000000000000000e+00
1.733999999999999986e+00 1.000000000000000000e+00
1.737000000000000099e+00 1.000000000000000000e+00
1.739999999999999991e+00 1.000000000000000000e+00
1.743000000000000105e+00 1.000000000000000000e+00
1.745999999999999996e+00 1.000000000000000000e+00
1.749000000000000110e+00 1.000000000000000000e+00
1.752000000000000002e+00 1.000000000000000000e+00
1.755000000000000115e+00 1.000000000000000000e+00
1.758000000000000007e+00 1.000000000000000000e+00
1.761000000000000121e+00 1.000000000000000000e+00
1.764000000000000012e+00 1.000000000000000000e+00
1.767000000000000126e+00 1.000000000000000000e+00
1.770000000000000018e+00 1.000000000000000000e+00
1.773000000000000131e+00 1.000000000000000000e+00
1.776000000000000023e+00 1.000000000000000000e+00
1.779000000000000137e+00 1.000000000000000000e+00
1.782000000000000028e+00 1.000000000000000000e+00
1.785000000000000142e+00 1.000000000000000000e+00
1.788000000000000034e+00 1.000000000000000000e+00
1.791000000000000147e+00 1.000000000000000000e+00
1.794000000000000039e+00 1.000000000000000000e+00
1.796999999999999931e+00 1.000000000000000000e+00
1.800000000000000044e+00 1.000000000000000000e+00
1.802999999999999936e+00 1.000000000000000000e+00
1.806000000000000050e+00 1.000000000000000000e+00
1.808999999999999941e+00 1.000000000000000000e+00
1.812000000000000055e+00 1.000000000000000000e+00
1.814999999999999947e+00 1.000000000000000000e+00
1.818000000000000060e+00 1.000000000000000000e+00
1.820999999999999952e+00 1.000000000000000000e+00
1.824000000000000066e+00 1.000000000000000000e+00
1.826999999999999957e+00 1.000000000000000000e+00
1.830000000000000071e+00 1.000000000000000000e+00
1.832999999999999963e+00 1.000000000000000000e+00
1.836000000000000076e+00 1.000000000000000000e+00
1.838999999999999968e+00 1.000000000000000000e+00
1.842000000000000082e+00 1.000000000000000000e+00
1.844999999999999973e+00 1.000000000000000000e+00
1.848000000000000087e+00 1.000000000000000000e+00
1.850999999999999979e+00 1.000000000000000000e+00
1.854000000000000092e+00 1.000000000000000000e+00
1.856999999999999984e+00 1.000000000000000000e+00
1.860000000000000098e+00 1.000000000000000000e+00
1.862999999999999989e+00 1.000000000000000000e+00
1.866000000000000103e+00 1.000000000000000000e+00
1.868999999999999995e+00 1.000000000000000000e+00
1.872000000000000108e+00 1.000000000000000000e+00
1.875000000000000000e+00 1.000000000000000000e+00
1.878000000000000114e+00 1.000000000000000000e+00
1.881000000000000005e+00 1.000000000000000000e+00
1.884000000000000119e+00 1.000000000000000000e+00
1.887000000000000011e+00 1.000000000000000000e+00
1.890000000000000124e+00 1.000000000000000000e+00
1.893000000000000016e+00 1.000000000000000000e+00
1.896000000000000130e+00 1.000000000000000000e+00
1.899000000000000021e+00 1.000000000000000000e+00
1.902000000000000135e+00 1.000000000000000000e+00
1.905000000000000027e+00 1.000000000000000000e+00
1.908000000000000140e+00 1.000000000000000000e+00
1.911000000000000032e+00 1.000000000000000000e+00
1.914000000000000146e+00 1.000000000000000000e+00
1.917000000000000037e+00 1.000000000000000000e+00
1.919999999999999929e+00 1.000000000000000000e+00
1.923000000000000043e+00 1.000000000000000000e+00
1.925999999999999934e+00 1.000000000000000000e+00
1.929000000000000048e+00 1.000000000000000000e+00
1.931999999999999940e+00 1.000000000000000000e+00
1.935000000000000053e+00 1.000000000000000000e+00
1.937999999999999945e+00 1.000000000000000000e+00
1.941000000000000059e+00 1.000000000000000000e+00
1.943999999999999950e+00 1.000000000000000000e+00
1.947000000000000064e+00 1.000000000000000000e+00
1.949999999999999956e+00 1.000000000000000000e+00
1.953000000000000069e+00 1.000000000000000000e+00
1.955999999999999961e+00 1.000000000000000000e+00
1.959000000000000075e+00 1.000000000000000000e+00
1.961999999999999966e+00 1.000000000000000000e+00
1.965000000000000080e+00 1.000000000000000000e+00
1.967999999999999972e+00 1.000000000000000000e+00
1.971000000000000085e+00 1.000000000000000000e+00
1.973999999999999977e+00 1.000000000000000000e+00
1.977000000000000091e+00 1.000000000000000000e+00
1.979999999999999982e+00 1.000000000000000000e+00
1.983000000000000096e+00 1.000000000000000000e+00
1.985999999999999988e+00 1.000000000000000000e+00
1.989000000000000101e+00 1.000000000000000000e+00
1.991999999999999993e+00 1.000000000000000000e+00
1.995000000000000107e+00 1.000000000000000000e+00
1.997999999999999998e+00 1.000000000000000000e+00
2.000999999999999890e+00 1.000000000000000000e+00
2.004000000000000004e+00 1.000000000000000000e+00
2.007000000000000117e+00 1.000000000000000000e+00
2.010000000000000231e+00 1.000000000000000000e+00
2.012999999999999901e+00 1.000000000000000000e+00
2.016000000000000014e+00 1.000000000000000000e+00
2.019000000000000128e+00 1.000000000000000000e+00
2.022000000000000242e+00 1.000000000000000000e+00
2.024999999999999911e+00 1.000000000000000000e+00
2.028000000000000025e+00 1.000000000000000000e+00
2.031000000000000139e+00 1.000000000000000000e+00
2.034000000000000252e+00 1.000000000000000000e+00
2.036999999999999922e+00 1.000000000000000000e+00
2.040000000000000036e+00 1.000000000000000000e+00
2.043000000000000149e+00 1.000000000000000000e+00
2.046000000000000263e+00 1.000000000000000000e+00
2.048999999999999932e+00 1.000000000000000000e+00
2.052000000000000046e+00 1.000000000000000000e+00
2.055000000000000160e+00 1.000000000000000000e+00
2.057999999999999829e+00 1.000000000000000000e+00
2.060999999999999943e+00 1.000000000000000000e+00
2.064000000000000057e+00 1.000000000000000000e+00
2.067000000000000171e+00 1.000000000000000000e+00
2.069999999999999840e+00 1.000000000000000000e+00
2.072999999999999954e+00 1.000000000000000000e+00
2.076000000000000068e+00 1.000000000000000000e+00
2.079000000000000181e+00 1.000000000000000000e+00
2.081999999999999851e+00 1.000000000000000000e+00
2.084999999999999964e+00 1.000000000000000000e+00
2.088000000000000078e+00 1.000000000000000000e+00
2.091000000000000192e+00 1.000000000000000000e+00
2.093999999999999861e+00 1.000000000000000000e+00
2.096999999999999975e+00 1.000000000000000000e+00
2.100000000000000089e+00 1.000000000000000000e+00
2.103000000000000203e+00 1.000000000000000000e+00
2.105999999999999872e+00 1.000000000000000000e+00
2.108999999999999986e+00 1.000000000000000000e+00
2.112000000000000099e+00 1.000000000000000000e+00
2.115000000000000213e+00 1.000000000000000000e+00
2.117999999999999883e+00 1.000000000000000000e+00
2.120999999999999996e+00 1.000000000000000000e+00
2.124000000000000110e+00 1.000000000000000000e+00
2.127000000000000224e+00 1.000000000000000000e+00
2.129999999999999893e+00 1.000000000000000000e+00
2.133000000000000007e+00 1.000000000000000000e+00
2.136000000000000121e+00 1.000000000000000000e+00
2.139000000000000234e+00 1.000000000000000000e+00
2.141999999999999904e+00 1.000000000000000000e+00
2.145000000000000018e+00 1.000000000000000000e+00
2.148000000000000131e+00 1.000000000000000000e+00
2.151000000000000245e+00 1.000000000000000000e+00
2.153999999999999915e+00 1.000000000000000000e+00
2.157000000000000028e+00 1.000000000000000000e+00
2.160000000000000142e+00 1.000000000000000000e+00
2.163000000000000256e+00 1.000000000000000000e+00
2.165999999999999925e+00 1.000000000000000000e+00
2.169000000000000039e+00 1.000000000000000000e+00
2.172000000000000153e+00 1.000000000000000000e+00
2.175000000000000266e+00 1.000000000000000000e+00
2.177999999999999936e+00 1.000000000000000000e+00
2.181000000000000050e+00 1.000000000000000000e+00
2.184000000000000163e+00 1.000000000000000000e+00
2.186999999999999833e+00 1.000000000000000000e+00
2.189999999999999947e+00 1.000000000000000000e+00
2.193000000000000060e+00 1.000000000000000000e+00
2.196000000000000174e+00 1.000000000000000000e+00
2.198999999999999844e+00 1.000000000000000000e+00
2.201999999999999957e+00 1.000000000000000000e+00
2.205000000000000071e+00 1.000000000000000000e+00
2.208000000000000185e+00 1.000000000000000000e+00
2.210999999999999854e+00 1.000000000000000000e+00
2.213999999999999968e+00 1.000000000000000000e+00
2.217000000000000082e+00 1.000000000000000000e+00
2.220000000000000195e+00 1.000000000000000000e+00
2.222999999999999865e+00 1.000000000000000000e+00
2.225999999999999979e+00 1.000000000000000000e+00
2.229000000000000092e+00 1.000000000000000000e+00
2.232000000000000206e+00 1.000000000000000000e+00
2.234999999999999876e+00 1.000000000000000000e+00
2.237999999999999989e+00 1.000000000000000000e+00
2.241000000000000103e+00 1.000000000000000000e+00
2.244000000000000217e+00 1.000000000000000000e+00
2.246999999999999886e+00 1.000000000000000000e+00
2.250000000000000000e+00 1.000000000000000000e+00
2.253000000000000114e+00 1.000000000000000000e+00
2.256000000000000227e+00 1.000000000000000000e+00
2.258999999999999897e+00 1.000000000000000000e+00
2.262000000000000011e+00 1.000000000000000000e+00
2.265000000000000124e+00 1.000000000000000000e+00
2.268000000000000238e+00 1.000000000000000000e+00
2.270999999999999908e+00 1.000000000000000000e+00
2.274000000000000021e+00 1.000000000000000000e+00
2.277000000000000135e+00 1.000000000000000000e+00
2.280000000000000249e+00 1.000000000000000000e+00
2.282999999999999918e+00 1.000000000000000000e+00
2.286000000000000032e+00 1.000000000000000000e+00
2.289000000000000146e+00 1.000000000000000000e+00
2.292000000000000259e+00 1.000000000000000000e+00
2.294999999999999929e+00 1.000000000000000000e+00
2.298000000000000043e+00 1.000000000000000000e+00
2.301000000000000156e+00 1.000000000000000000e+00
2.304000000000000270e+00 1.000000000000000000e+00
2.306999999999999940e+00 1.000000000000000000e+00
2.310000000000000053e+00 1.000000000000000000e+00
2.313000000000000167e+00 1.000000000000000000e+00
2.315999999999999837e+00 1.000000000000000000e+00
2.318999999999999950e+00 1.000000000000000000e+00
2.322000000000000064e+00 1.000000000000000000e+00
2.325000000000000178e+00 1.000000000000000000e+00
2.327999999999999847e+00 1.000000000000000000e+00
2.330999999999999961e+00 1.000000000000000000e+00
2.334000000000000075e+00 1.000000000000000000e+00
2.337000000000000188e+00 1.000000000000000000e+00
2.339999999999999858e+00 1.000000000000000000e+00
2.342999999999999972e+00 1.000000000000000000e+00
2.346000000000000085e+00 1.000000000000000000e+00
2.349000000000000199e+00 1.000000000000000000e+00
2.351999999999999869e+00 1.000000000000000000e+00
2.354999999999999982e+00 1.000000000000000000e+00
2.358000000000000096e+00 1.000000000000000000e+00
2.361000000000000210e+00 1.000000000000000000e+00
2.363999999999999879e+00 1.000000000000000000e+00
2.366999999999999993e+00 1.000000000000000000e+00
2.370000000000000107e+00 1.000000000000000000e+00
2.373000000000000220e+00 1.000000000000000000e+00
2.375999999999999890e+00 1.000000000000000000e+00
2.379000000000000004e+00 1.000000000000000000e+00
2.382000000000000117e+00 1.000000000000000000e+00
2.385000000000000231e+00 1.000000000000000000e+00
2.387999999999999901e+00 1.000000000000000000e+00
2.391000000000000014e+00 1.000000000000000000e+00
2.394000000000000128e+00 1.000000000000000000e+00
2.397000000000000242e+00 1.000000000000000000e+00
2.399999999999999911e+00 1.000000000000000000e+00
2.403000000000000025e+00 1.000000000000000000e+00
2.406000000000000139e+00 1.000000000000000000e+00
2.409000000000000252e+00 1.000000000000000000e+00
2.411999999999999922e+00 1.000000000000000000e+00
2.415000000000000036e+00 1.000000000000000000e+00
2.418000000000000149e+00 1.000000000000000000e+00
2.421000000000000263e+00 1.000000000000000000e+00
2.423999999999999932e+00 1.000000000000000000e+00
2.427000000000000046e+00 1.000000000000000000e+00
2.430000000000000160e+00 1.000000000000000000e+00
2.432999999999999829e+00 1.000000000000000000e+00
2.435999999999999943e+00 1.000000000000000000e+00
2.439000000000000057e+00 1.000000000000000000e+00
2.442000000000000171e+00 1.000000000000000000e+00
2.444999999999999840e+00 1.000000000000000000e+00
2.447999999999999954e+00 1.000000000000000000e+00
2.451000000000000068e+00 1.000000000000000000e+00
2.454000000000000181e+00 1.000000000000000000e+00
2.456999999999999851e+00 1.000000000000000000e+00
2.459999999999999964e+00 1.000000000000000000e+00
2.463000000000000078e+00 1.000000000000000000e+00
2.466000000000000192e+00 1.000000000000000000e+00
2.468999999999999861e+00 1.000000000000000000e+00
2.471999999999999975e+00 1.000000000000000000e+00
2.475000000000000089e+00 1.000000000000000000e+00
2.478000000000000203e+00 1.000000000000000000e+00
2.480999999999999872e+00 1.000000000000000000e+00
2.483999999999999986e+00 1.000000000000000000e+00
2.487000000000000099e+00 1.000000000000000000e+00
2.490000000000000213e+00 1.000000000000000000e+00
2.492999999999999883e+00 1.000000000000000000e+00
2.495999999999999996e+00 1.000000000000000000e+00
2.499000000000000110e+00 1.000000000000000000e+00
2.502000000000000224e+00 1.000000000000000000e+00
2.504999999999999893e+00 1.000000000000000000e+00
2.508000000000000007e+00 1.000000000000000000e+00
2.511000000000000121e+00 1.000000000000000000e+00
2.514000000000000234e+00 1.000000000000000000e+00
2.516999999999999904e+00 1.000000000000000000e+00
2.520000000000000018e+00 1.000000000000000000e+00
2.523000000000000131e+00 1.000000000000000000e+00
2.526000000000000245e+00 1.000000000000000000e+00
2.528999999999999915e+00 1.000000000000000000e+00
2.532000000000000028e+00 1.000000000000000000e+00
2.535000000000000142e+00 1.000000000000000000e+00
2.538000000000000256e+00 1.000000000000000000e+00
2.540999999999999925e+00 1.000000000000000000e+00
2.544000000000000039e+00 1.000000000000000000e+00
2.547000000000000153e+00 1.000000000000000000e+00
2.550000000000000266e+00 1.000000000000000000e+00
2.552999999999999936e+00 1.000000000000000000e+00
2.556000000000000050e+00 1.000000000000000000e+00
2.559000000000000163e+00 1.000000000000000000e+00
2.561999999999999833e+00 1.000000000000000000e+00
2.564999999999999947e+00 1.000000000000000000e+00
2.568000000000000060e+00 1.000000000000000000e+00
2.571000000000000174e+00 1.000000000000000000e+00
2.573999999999999844e+00 1.000000000000000000e+00
2.576999999999999957e+00 1.000000000000000000e+00
2.580000000000000071e+00 1.000000000000000000e+00
2.583000000000000185e+00 1.000000000000000000e+00
2.585999999999999854e+00 1.000000000000000000e+00
2.588999999999999968e+00 1.000000000000000000e+00
2.592000000000000082e+00 1.000000000000000000e+00
2.595000000000000195e+00 1.000000000000000000e+00
2.597999999999999865e+00 1.000000000000000000e+00
2.600999999999999979e+00 1.000000000000000000e+00
2.604000000000000092e+00 1.000000000000000000e+00
2.607000000000000206e+00 1.000000000000000000e+00
2.609999999999999876e+00 1.000000000000000000e+00
2.612999999999999989e+00 1.000000000000000000e+00
2.616000000000000103e+00 1.000000000000000000e+00
2.619000000000000217e+00 1.000000000000000000e+00
2.621999999999999886e+00 1.000000000000000000e+00
2.625000000000000000e+00 1.000000000000000000e+00
2.628000000000000114e+00 1.000000000000000000e+00
2.631000000000000227e+00 1.000000000000000000e+00
2.633999999999999897e+00 1.000000000000000000e+00
2.637000000000000011e+00 1.000000000000000000e+00
2.640000000000000124e+00 1.000000000000000000e+00
2.643000000000000238e+00 1.000000000000000000e+00
2.645999999999999908e+00 1.000000000000000000e+00
2.649000000000000021e+00 1.000000000000000000e+00
2.652000000000000135e+00 1.000000000000000000e+00
2.655000000000000249e+00 1.000000000000000000e+00
2.657999999999999918e+00 1.000000000000000000e+00
2.661000000000000032e+00 1.000000000000000000e+00
2.664000000000000146e+00 1.000000000000000000e+00
2.667000000000000259e+00 1.000000000000000000e+00
2.669999999999999929e+00 1.000000000000000000e+00
2.673000000000000043e+00 1.000000000000000000e+00
2.676000000000000156e+00 1.000000000000000000e+00
2.679000000000000270e+00 1.000000000000000000e+00
2.681999999999999940e+00 1.000000000000000000e+00
2.685000000000000053e+00 1.000000000000000000e+00
2.688000000000000167e+00 1.000000000000000000e+00
2.690999999999999837e+00 1.000000000000000000e+00
2.693999999999999950e+00 1.000000000000000000e+00
2.697000000000000064e+00 1.000000000000000000e+00
2.700000000000000178e+00 1.000000000000000000e+00
2.702999999999999847e+00 1.000000000000000000e+00
2.705999999999999961e+00 1.000000000000000000e+00
2.709000000000000075e+00 1.000000000000000000e+00
2.712000000000000188e+00 1.000000000000000000e+00
2.714999999999999858e+00 1.000000000000000000e+00
2.717999999999999972e+00 1.000000000000000000e+00
2.721000000000000085e+00 1.000000000000000000e+00
2.724000000000000199e+00 1.000000000000000000e+00
2.726999999999999869e+00 1.000000000000000000e+00
2.729999999999999982e+00 1.000000000000000000e+00
2.733000000000000096e+00 1.000000000000000000e+00
2.736000000000000210e+00 1.000000000000000000e+00
2.738999999999999879e+00 1.000000000000000000e+00
2.741999999999999993e+00 1.000000000000000000e+00
2.745000000000000107e+00 1.000000000000000000e+00
2.748000000000000220e+00 1.000000000000000000e+00
2.750999999999999890e+00 1.000000000000000000e+00
2.754000000000000004e+00 1.000000000000000000e+00
2.757000000000000117e+00 1.000000000000000000e+00
2.760000000000000231e+00 1.000000000000000000e+00
2.762999999999999901e+00 1.000000000000000000e+00
2.766000000000000014e+00 1.000000000000000000e+00
2.769000000000000128e+00 1.000000000000000000e+00
2.772000000000000242e+00 1.000000000000000000e+00
2.774999999999999911e+00 1.000000000000000000e+00
2.778000000000000025e+00 1.000000000000000000e+00
2.781000000000000139e+00 1.000000000000000000e+00
2.784000000000000252e+00 1.000000000000000000e+00
2.786999999999999922e+00 1.000000000000000000e+00
2.790000000000000036e+00 1.000000000000000000e+00
2.793000000000000149e+00 1.000000000000000000e+00
2.796000000000000263e+00 1.000000000000000000e+00
2.798999999999999932e+00 1.000000000000000000e+00
2.802000000000000046e+00 1.000000000000000000e+00
2.805000000000000160e+00 1.000000000000000000e+00
2.808000000000000274e+00 1.000000000000000000e+00
2.810999999999999943e+00 1.000000000000000000e+00
2.814000000000000057e+00 1.000000000000000000e+00
2.817000000000000171e+00 1.000000000000000000e+00
2.819999999999999840e+00 1.000000000000000000e+00
2.822999999999999954e+00 1.000000000000000000e+00
2.826000000000000068e+00 1.000000000000000000e+00
2.829000000000000181e+00 1.000000000000000000e+00
2.831999999999999851e+00 1.000000000000000000e+00
2.834999999999999964e+00 1.000000000000000000e+00
2.838000000000000078e+00 1.000000000000000000e+00
2.841000000000000192e+00 1.000000000000000000e+00
2.843999999999999861e+00 1.000000000000000000e+00
2.846999999999999975e+00 1.000000000000000000e+00
2.850000000000000089e+00 1.000000000000000000e+00
2.853000000000000203e+00 1.000000000000000000e+00
2.855999999999999872e+00 1.000000000000000000e+00
2.858999999999999986e+00 1.000000000000000000e+00
2.862000000000000099e+00 1.000000000000000000e+00
2.865000000000000213e+00 1.000000000000000000e+00
2.867999999999999883e+00 1.000000000000000000e+00
2.870999999999999996e+00 1.000000000000000000e+00
2.874000000000000110e+00 1.000000000000000000e+00
2.877000000000000224e+00 1.000000000000000000e+00
2.879999999999999893e+00 1.000000000000000000e+00
2.883000000000000007e+00 1.000000000000000000e+00
2.886000000000000121e+00 1.000000000000000000e+00
2.889000000000000234e+00 1.000000000000000000e+00
2.891999999999999904e+00 1.000000000000000000e+00
2.895000000000000018e+00 1.000000000000000000e+00
2.898000000000000131e+00 1.000000000000000000e+00
2.901000000000000245e+00 1.000000000000000000e+00
2.903999999999999915e+00 1.000000000000000000e+00
2.907000000000000028e+00 1.000000000000000000e+00
2.910000000000000142e+00 1.000000000000000000e+00
2.913000000000000256e+00 1.000000000000000000e+00
2.915999999999999925e+00 1.000000000000000000e+00
2.919000000000000039e+00 1.000000000000000000e+00
2.922000000000000153e+00 1.000000000000000000e+00
2.925000000000000266e+00 1.000000000000000000e+00
2.927999999999999936e+00 1.000000000000000000e+00
2.931000000000000050e+00 1.000000000000000000e+00
2.934000000000000163e+00 1.000000000000000000e+00
2.937000000000000277e+00 1.000000000000000000e+00
2.939999999999999947e+00 1.000000000000000000e+00
2.943000000000000060e+00 1.000000000000000000e+00
2.946000000000000174e+00 1.000000000000000000e+00
2.948999999999999844e+00 1.000000000000000000e+00
2.951999999999999957e+00 1.000000000000000000e+00
2.955000000000000071e+00 1.000000000000000000e+00
2.958000000000000185e+00 1.000000000000000000e+00
2.960999999999999854e+00 1.000000000000000000e+00
2.963999999999999968e+00 1.000000000000000000e+00
2.967000000000000082e+00 1.000000000000000000e+00
2.970000000000000195e+00 1.000000000000000000e+00
2.972999999999999865e+00 1.000000000000000000e+00
2.975999999999999979e+00 1.000000000000000000e+00
2.979000000000000092e+00 1.000000000000000000e+00
2.982000000000000206e+00 1.000000000000000000e+00
2.984999999999999876e+00 1.000000000000000000e+00
2.987999999999999989e+00 1.000000000000000000e+00
2.991000000000000103e+00 1.000000000000000000e+00
2.994000000000000217e+00 1.000000000000000000e+00
2.996999999999999886e+00 1.000000000000000000e+00
