0.000000000000000000e+00 0.000000000000000000e+00
5.522015864106536234e-03 2.403749414931401319e-11
5.186913450614663024e-01 1.816847025323665293e-02
5.770568639031471436e-01 2.940968188909978687e-02
6.141959919951770486e-01 3.900922589593365519e-02
6.419863990186639446e-01 4.769052943781978277e-02
6.644046546586643842e-01 5.575624886163411953e-02
6.833010749464974998e-01 6.336979261721911727e-02
6.996960442135520264e-01 7.063209917304352770e-02
7.142153276719984678e-01 7.761104573525168249e-02
7.272718800900075387e-01 8.435504727926596003e-02
7.391533027288725854e-01 9.090016970447255262e-02
7.500683498591100840e-01 9.727419238340202778e-02
7.601735932040195598e-01 1.034990873336602835e-01
7.695896362708096738e-01 1.095926126884138457e-01
7.784114519631244455e-01 1.155693806097839865e-01
7.867152352492572387e-01 1.214415980666700007e-01
7.945630964881496006e-01 1.272195957558815704e-01
8.020063664092854649e-01 1.329122151642866401e-01
8.090879798289482006e-01 1.385270978924023622e-01
8.158442311295079907e-01 1.440709059544387771e-01
8.223060909881058089e-01 1.495494922702077512e-01
8.285002101819052278e-01 1.549680345246683966e-01
8.344496960067860902e-01 1.603311416261365419e-01
8.401747206835686876e-01 1.656429393556915486e-01
8.456930037437684344e-01 1.709071399977530048e-01
8.510201985982873696e-01 1.761270994862969841e-01
8.561702053480112484e-01 1.813058647117703759e-01
8.611554261727702997e-01 1.864462129937019819e-01
8.659869755519163936e-01 1.915506852565324880e-01
8.706748546153814106e-01 1.966216141007081919e-01
8.752280967581662630e-01 2.016611477022065557e-01
8.796548900446503616e-01 2.066712702778233379e-01
8.839626807240678064e-01 2.116538197038394242e-01
8.881582612652459963e-01 2.166105027599172228e-01
8.922478456201429209e-01 2.215429083800930510e-01
8.962371338864441039e-01 2.264525192219323801e-01
9.001313681197371519e-01 2.313407218088962547e-01
9.039353807166045085e-01 2.362088154563670162e-01
9.076536365297277476e-01 2.410580201558764346e-01
9.112902696691652649e-01 2.458894835631500186e-01
9.148491157781419858e-01 2.507042872120442412e-01
9.183337404381255453e-01 2.555034520571904944e-01
9.217474642496893411e-01 2.602879434323567831e-01
9.250933850474284403e-01 2.650586754984720628e-01
9.283743976349217997e-01 2.698165152443953718e-01
9.315932113662088732e-01 2.745622860944857413e-01
9.347523658510439315e-01 2.792967711694304134e-01
9.378542450202644876e-01 2.840207162404340124e-01
9.409010897535061702e-01 2.887348324114577536e-01
9.438950092428677330e-01 2.934397985596774450e-01
9.468379912420977762e-01 2.981362635603991285e-01
9.497319113305426885e-01 3.028248483193703433e-01
9.525785413039050686e-01 3.075061476326338417e-01
9.553795567891898433e-01 3.121807318915106322e-01
9.581365441687776929e-01 3.168491486483417385e-01
9.608510068878424182e-01 3.215119240566775560e-01
9.635243712101679847e-01 3.261695641980869587e-01
9.661579914795525026e-01 3.308225563063894592e-01
9.687531549371052320e-01 3.354713698988689985e-01
9.713110861389164796e-01 3.401164578230290725e-01
9.738329510134196010e-01 3.447582572265521228e-01
9.763198605932840168e-01 3.493971904572131248e-01
9.787728744528615410e-01 3.540336658989541307e-01
9.811930038787383124e-01 3.586680787495551970e-01
9.835812147979972053e-01 3.633008117448455199e-01
9.859384304862079951e-01 3.679322358339687238e-01
9.882655340747881212e-01 3.725627108096347673e-01
9.905633708754378874e-01 3.771925858970764378e-01
9.928327505374840989e-01 3.818222003049529523e-01
9.950744490524120467e-01 3.864518837411990426e-01
9.972892106184799710e-01 3.910819568965409609e-01
9.994777493769990695e-01 3.957127318981439323e-01
1.001640751030808074e+00 4.003445127356289324e-01
1.003778874354444239e+00 4.049775956615104255e-01
1.005892752604633511e+00 4.096122695679499381e-01
1.007982994838935831e+00 4.142488163414959623e-01
1.010050187149659884e+00 4.188875111974217913e-01
1.012094893819533326e+00 4.235286229950622761e-01
1.014117658405034206e+00 4.281724145354924294e-01
1.016119004752779276e+00 4.328191428427445864e-01
1.018099437953894348e+00 4.374690594296946067e-01
1.020059445240877993e+00 4.421224105496144308e-01
1.021999496831083043e+00 4.467794374343810326e-01
1.023920046720609323e+00 4.514403765201667751e-01
1.025821533432076604e+00 4.561054596614596002e-01
1.027704380719473232e+00 4.607749143341263731e-01
1.029568998233023835e+00 4.654489638282258701e-01
1.031415782146769766e+00 4.701278274312151728e-01
1.033245115751365795e+00 4.748117206021247871e-01
1.035057370014386358e+00 4.795008551372624828e-01
1.036852904110275642e+00 4.841954393279679913e-01
1.038632065921882619e+00 4.888956781108695360e-01
1.040395192515427558e+00 4.936017732110917766e-01
1.042142610590555796e+00 4.983139232788525996e-01
1.043874636907047293e+00 5.030323240197861479e-01
1.045591578689636592e+00 5.077571683193882190e-01
1.047293734012261002e+00 5.124886463619008348e-01
1.048981392163009119e+00 5.172269457439363505e-01
1.050654833990914083e+00 5.219722515831780596e-01
1.052314332235668504e+00 5.267247466223544672e-01
1.053960151841275339e+00 5.314846113288216323e-01
1.055592550254565110e+00 5.362520239899388752e-01
1.057211777709438083e+00 5.410271608044762148e-01
1.058818077497679866e+00 5.458101959702823525e-01
1.060411686227068051e+00 5.506013017683637489e-01
1.061992834067514657e+00 5.554006486436247059e-01
1.063561744985892288e+00 5.602084052823916860e-01
1.065118636970161070e+00 5.650247386868868515e-01
1.066663722243398782e+00 5.698498142468410022e-01
1.068197207468252641e+00 5.746837958083602649e-01
1.069719293942348326e+00 5.795268457401849815e-01
1.071230177785113868e+00 5.843791249974830126e-01
1.072730050116489142e+00 5.892407931832838175e-01
1.074219097227924413e+00 5.941120086076868700e-01
1.075697500746080060e+00 5.989929283449155761e-01
1.077165437789589619e+00 6.038837082883726781e-01
1.078623081119244098e+00 6.087845032037453308e-01
1.080070599281926613e+00 6.136954667802635432e-01
1.081508156748605121e+00 6.186167516802262289e-01
1.082935914046681214e+00 6.235485095868282812e-01
1.084354027886967220e+00 6.284908912504122425e-01
1.085762651285557379e+00 6.334440465331798720e-01
1.087161933680831805e+00 6.384081244524654197e-01
1.088552021045833040e+00 6.433832732225978068e-01
1.089933055996228140e+00 6.483696402954687299e-01
1.091305177894069223e+00 6.533673723998038030e-01
1.092668522947544796e+00 6.583766155792343255e-01
1.094023224306904574e+00 6.633975152292118649e-01
1.095369412156744326e+00 6.684302161328274927e-01
1.096707213804801073e+00 6.734748624955448904e-01
1.098036753767428930e+00 6.785315979789399154e-01
1.099358153851898390e+00 6.836005657334706109e-01
1.100671533235659583e+00 6.886819084303053007e-01
1.101977008542710079e+00 6.937757682922903735e-01
1.103274693917185134e+00 6.988822871240225609e-01
1.104564701094293833e+00 7.040016063411550507e-01
1.105847139468728368e+00 7.091338669988854759e-01
1.107122116160627501e+00 7.142792098197151551e-01
1.108389736079226529e+00 7.194377752204909049e-01
1.109650101984278159e+00 7.246097033387438602e-01
1.110903314545331089e+00 7.297951340583859192e-01
1.112149472398975103e+00 7.349942070347722511e-01
1.113388672204111973e+00 7.402070617191426338e-01
1.114621008695358739e+00 7.454338373825005748e-01
1.115846574734639329e+00 7.506746731389347671e-01
1.117065461361045786e+00 7.559297079683693354e-01
1.118277757839043041e+00 7.611990807388628877e-01
1.119483551705072299e+00 7.664829302283606705e-01
1.120682928812630541e+00 7.717813951459940869e-01
1.121875973375869862e+00 7.770946141529317952e-01
1.123062768011790835e+00 7.824227258827944897e-01
1.124243393781071854e+00 7.877658689616383603e-01
1.125417930227595509e+00 7.931241820275478638e-01
1.126586455416716426e+00 7.984978037498446923e-01
1.127749045972322506e+00 8.038868728479194870e-01
1.128905777112730213e+00 8.092915281097233793e-01
1.130056722685466752e+00 8.147119084098874975e-01
1.131201955200967557e+00 8.201481527275641392e-01
1.132341545865245713e+00 8.256004001638975742e-01
1.133475564611552633e+00 8.310687899592454908e-01
1.134604080131083048e+00 8.365534615100772564e-01
1.135727159902754080e+00 8.420545543856035042e-01
1.136844870222084136e+00 8.475722083441492583e-01
1.137957276229214942e+00 8.531065633492573852e-01
1.139064441936103567e+00 8.586577595855570122e-01
1.140166430252908869e+00 8.642259374743881395e-01
1.141263303013612784e+00 8.698112376892237485e-01
1.142355121000886653e+00 8.754138011708302303e-01
1.143441943970244568e+00 8.810337691422746031e-01
1.144523830673500830e+00 8.866712831237043568e-01
1.145600838881554173e+00 8.923264849469180193e-01
1.146673025406528268e+00 8.979995167698159309e-01
1.147740446123283409e+00 9.036905210906037711e-01
1.148803155990322455e+00 9.093996407618822886e-01
1.149861209070121904e+00 9.151270190045581732e-01
1.150914658548883862e+00 9.208727994215957224e-01
1.151963556755756235e+00 9.266371260116381681e-01
1.153007955181516664e+00 9.324201431824941100e-01
1.154047904496749766e+00 9.382219957644489794e-01
1.155083454569531209e+00 9.440428290235249875e-01
1.156114654482631732e+00 9.498827886745386806e-01
1.157141552550261743e+00 9.557420208941108664e-01
1.158164196334369622e+00 9.616206723335370965e-01
1.159182632660502366e+00 9.675188901315352474e-01
1.160196907633254559e+00 9.734368219269480260e-01
1.161207066651305020e+00 9.793746158713022565e-01
1.162213154422065742e+00 9.853324206413071051e-01
1.163215214975944933e+00 9.913103854512583801e-01
1.164213291680247897e+00 9.973086600653783274e-01
1.165207427252715089e+00 1.003327394810047180e+00
1.166197663774716675e+00 1.009366740586014277e+00
1.167184042704110247e+00 1.015426848880510491e+00
1.168166604887775462e+00 1.021507871779288701e+00
1.169145390573829602e+00 1.027609961978657394e+00
1.170120439423541159e+00 1.033733272797400238e+00
1.171091790522943654e+00 1.039877958188696994e+00
1.172059482394161911e+00 1.046044172751963153e+00
1.173023553006462327e+00 1.052232071744670039e+00
1.173984039787026701e+00 1.058441811094110063e+00
1.174940979631468263e+00 1.064673547409156873e+00
1.175894408914089251e+00 1.070927437991939568e+00
1.176844363497890456e+00 1.077203640849554889e+00
1.177790878744343184e+00 1.083502314705699909e+00
1.178733989522922299e+00 1.089823619012315614e+00
1.179673730220418992e+00 1.096167713961209378e+00
1.180610134750026186e+00 1.102534760495631039e+00
1.181543236560214760e+00 1.108924920321882723e+00
1.182473068643397740e+00 1.115338355920886482e+00
1.183399663544395519e+00 1.121775230559751257e+00
1.184323053368704359e+00 1.128235708303347851e+00
1.185243269790567933e+00 1.134719954025879884e+00
1.186160344060871452e+00 1.141228133422421687e+00
1.187074307014849950e+00 1.147760413020528780e+00
1.187985189079620030e+00 1.154316960191795305e+00
1.188893020281546198e+00 1.160897943163428758e+00
1.189797830253433553e+00 1.167503531029886910e+00
1.190699648241565045e+00 1.174133893764445435e+00
1.191598503112577978e+00 1.180789202230870583e+00
1.192494423360186850e+00 1.187469628195036098e+00
1.193387437111760319e+00 1.194175344336612099e+00
1.194277572134751386e+00 1.200906524260752395e+00
1.195164855842982599e+00 1.207663342509825322e+00
1.196049315302802007e+00 1.214445974575137033e+00
1.196930977239097471e+00 1.221254596908745826e+00
1.197809868041184389e+00 1.228089386935242056e+00
1.198686013768565095e+00 1.234950523063616856e+00
1.199559440156565904e+00 1.241838184699142644e+00
1.200430172621852476e+00 1.248752552255278259e+00
1.201298236267828168e+00 1.255693807165656706e+00
1.202163655889916694e+00 1.262662131896078233e+00
1.203026455980735987e+00 1.269657709956568015e+00
1.203886660735162373e+00 1.276680725913469816e+00
1.204744294055285270e+00 1.283731365401614477e+00
1.205599379555264861e+00 1.290809815136486849e+00
1.206451940566084291e+00 1.297916262926511966e+00
1.207302000140205944e+00 1.305050897685359201e+00
1.208149581056130017e+00 1.312213909444274851e+00
1.208994705822864058e+00 1.319405489364565032e+00
1.209837396684294353e+00 1.326625829750028185e+00
1.210677675623476279e+00 1.333875124059542339e+00
1.211515564366831388e+00 1.341153566919659035e+00
1.212351084388263667e+00 1.348461354137288959e+00
1.213184256913195647e+00 1.355798682712456182e+00
1.214015102922514133e+00 1.363165750851121016e+00
1.214843643156450437e+00 1.370562757978066371e+00
1.215669898118373560e+00 1.377989904749858496e+00
1.216493888078514107e+00 1.385447393067896549e+00
1.217315633077612480e+00 1.392935426091551632e+00
1.218135152930497345e+00 1.400454208251342481e+00
1.218952467229592607e+00 1.408003945262216172e+00
1.219767595348358658e+00 1.415584844136942300e+00
1.220580556444664566e+00 1.423197113199532460e+00
1.221391369464096988e+00 1.430840962098798075e+00
1.222200053143206899e+00 1.438516601821969498e+00
1.223006626012688836e+00 1.446224244708424367e+00
1.223811106400508608e+00 1.453964104463475682e+00
1.224613512434961304e+00 1.461736396172299779e+00
1.225413862047680214e+00 1.469541336313936242e+00
1.226212172976587134e+00 1.477379142775366860e+00
1.227008462768781616e+00 1.485250034865738256e+00
1.227802748783386022e+00 1.493154233330644676e+00
1.228595048194329076e+00 1.501091960366550904e+00
1.229385377993082118e+00 1.509063439635287107e+00
1.230173754991346291e+00 1.517068896278674917e+00
1.230960195823685543e+00 1.525108556933247206e+00
1.231744716950116114e+00 1.533182649745100656e+00
1.232527334658646057e+00 1.541291404384835140e+00
1.233308065067769688e+00 1.549435052062609230e+00
1.234086924128917184e+00 1.557613825543341157e+00
1.234863927628858660e+00 1.565827959162010341e+00
1.235639091192066941e+00 1.574077688839069067e+00
1.236412430283037489e+00 1.582363252095981609e+00
1.237183960208565026e+00 1.590684888070912129e+00
1.237953696119982405e+00 1.599042837534502270e+00
1.238721653015358637e+00 1.607437342905798650e+00
1.239487845741659822e+00 1.615868648268308894e+00
1.240252288996867236e+00 1.624336999386198688e+00
1.241014997332065439e+00 1.632842643720573417e+00
1.241775985153488415e+00 1.641385830445979632e+00
1.242535266724530851e+00 1.649966810466977130e+00
1.243292856167729887e+00 1.658585836434865124e+00
1.244048767466705119e+00 1.667243162764578512e+00
1.244803014468069069e+00 1.675939045651694048e+00
1.245555610883307240e+00 1.684673743089604159e+00
1.246306570290619975e+00 1.693447514886827543e+00
1.247055906136738335e+00 1.702260622684482305e+00
1.247803631738710450e+00 1.711113329973897867e+00
1.248549760285647459e+00 1.720005902114395635e+00
1.249294304840454561e+00 1.728938606351223983e+00
1.250037278341521452e+00 1.737911711833617368e+00
1.250778693604390757e+00 1.746925489633078588e+00
1.251518563323396727e+00 1.755980212761799608e+00
1.252256900073275281e+00 1.765076156191211387e+00
1.252993716310751404e+00 1.774213596870753529e+00
1.253729024376096124e+00 1.783392813746780048e+00
1.254462836494659728e+00 1.792614087781662979e+00
1.255195164778382555e+00 1.801877701973050305e+00
1.255926021227274925e+00 1.811183941373304629e+00
1.256655417730878632e+00 1.820533093109152345e+00
1.257383366069704467e+00 1.829925446401435396e+00
1.258109877916640418e+00 1.839361292585153018e+00
1.258834964838345449e+00 1.848840925129621171e+00
1.259558638296615740e+00 1.858364639658810047e+00
1.260280909649730940e+00 1.867932733971940040e+00
1.261001790153778446e+00 1.877545508064203839e+00
1.261721290963955466e+00 1.887203264147726989e+00
1.262439423135854666e+00 1.896906306672703435e+00
1.263156197626724042e+00 1.906654942348768200e+00
1.263871625296711043e+00 1.916449480166500852e+00
1.264585716910084923e+00 1.926290231419235388e+00
1.265298483136440888e+00 1.936177509725015122e+00
1.266009934551887373e+00 1.946111631048743185e+00
1.266720081640210438e+00 1.956092913724604143e+00
1.267428934794024187e+00 1.966121678478696344e+00
1.268136504315901858e+00 1.976198248451831008e+00
1.268842800419489381e+00 1.986322949222601997e+00
1.269547833230603384e+00 1.996496108830674965e+00
1.270251612788308337e+00 2.006718057800286559e+00
1.270954149045985249e+00 2.016989129164026284e+00
1.271655451872373943e+00 2.027309658486750266e+00
1.272355531052607791e+00 2.037679983889870261e+00
1.273054396289230450e+00 2.048100446075755698e+00
1.273752057203192845e+00 2.058571388352468112e+00
1.274448523334843486e+00 2.069093156658712740e+00
1.275143804144899473e+00 2.079666099589003281e+00
1.275837909015398397e+00 2.090290568419152173e+00
1.276530847250647582e+00 2.100966917131959821e+00
1.277222628078147793e+00 2.111695502443184491e+00
1.277913260649509164e+00 2.122476683827771549e+00
1.278602754041355816e+00 2.133310823546382018e+00
1.279291117256210031e+00 2.144198286672086340e+00
1.279978359223369999e+00 2.155139441117486676e+00
1.280664488799771350e+00 2.166134657661993757e+00
1.281349514770838693e+00 2.177184309979403931e+00
1.282033445851321396e+00 2.188288774665805292e+00
1.282716290686121141e+00 2.199448431267751580e+00
1.283398057851104168e+00 2.210663662310695443e+00
1.284078755853905296e+00 2.221934853327741433e+00
1.284758393134716847e+00 2.233262392888701875e+00
1.285436978067069136e+00 2.244646672629436512e+00
1.286114518958597852e+00 2.256088087281537202e+00
1.286791024051804566e+00 2.267587034702226667e+00
1.287466501524798135e+00 2.279143915904710660e+00
1.288140959492036774e+00 2.290759135088708209e+00
1.288814406005049706e+00 2.302433099671405969e+00
1.289486849053155026e+00 2.314166220318689238e+00
1.290158296564165363e+00 2.325958910976677618e+00
1.290828756405083988e+00 2.337811588903669247e+00
1.291498236382789599e+00 2.349724674702347027e+00
1.292166744244716003e+00 2.361698592352372561e+00
1.292834287679516914e+00 2.373733769243290936e+00
1.293500874317725202e+00 2.385830636207852073e+00
1.294166511732403935e+00 2.397989627555559000e+00
1.294831207439784526e+00 2.410211181106729494e+00
1.295494968899897570e+00 2.422495738226828621e+00
1.296157803517201224e+00 2.434843743861128562e+00
1.296819718641190056e+00 2.447255646569900911e+00
1.297480721567004780e+00 2.459731898563784824e+00
1.298140819536029111e+00 2.472272955739706735e+00
1.298800019736480849e+00 2.484879277717079837e+00
1.299458329303992965e+00 2.497551327874438787e+00
1.300115755322190036e+00 2.510289573386463413e+00
1.300772304823254011e+00 2.523094485261436315e+00
1.301427984788482650e+00 2.535966538378993107e+00
1.302082802148843754e+00 2.548906211528469967e+00
1.302736763785517615e+00 2.561913987447470564e+00
1.303389876530435476e+00 2.574990352861014298e+00
1.304042147166811105e+00 2.588135798521034037e+00
1.304693582429662602e+00 2.601350819246269985e+00
1.305344189006329092e+00 2.614635913962723990e+00
1.305993973536982544e+00 2.627991585744428260e+00
1.306642942615128478e+00 2.641418341854749663e+00
1.307291102788105563e+00 2.654916693788105242e+00
1.307938460557573679e+00 2.668487157312183555e+00
1.308585022379999740e+00 2.682130252510538160e+00
1.309230794667135767e+00 2.695846503825789497e+00
1.309875783786487169e+00 2.709636440103215804e+00
1.310519996061784376e+00 2.723500594634792993e+00
1.311163437773437135e+00 2.737439505203878021e+00
1.311806115158992370e+00 2.751453714130197348e+00
1.312448034413580267e+00 2.765543768315508188e+00
1.313089201690358365e+00 2.779710219289650119e+00
1.313729623100947208e+00 2.793953623257181995e+00
1.314369304715862885e+00 2.808274541144506919e+00
1.315008252564943136e+00 2.822673538647566094e+00
1.315646472637767461e+00 2.837151186280025161e+00
1.316283970884073673e+00 2.851708059422005004e+00
1.316920753214168460e+00 2.866344738369415612e+00
1.317556825499331508e+00 2.881061808383807765e+00
1.318192193572216731e+00 2.895859859742810016e+00
1.318826863227247959e+00 2.910739487791070612e+00
1.319460840221009512e+00 2.925701292991909064e+00
1.320094130272631228e+00 2.940745880979423799e+00
1.320726739064169264e+00 2.955873862611277492e+00
1.321358672240986021e+00 2.971085854022052164e+00
1.321989935412116735e+00 2.986382476677253983e+00
1.322620534150641181e+00 3.001764357427826990e+00
1.323250473994044052e+00 3.017232128565458638e+00
1.323879760444575115e+00 3.032786427878406244e+00
1.324508398969602707e+00 3.048427898707936290e+00
1.325136395001964340e+00 3.064157190005588394e+00
1.325763753940311540e+00 3.079974956390857610e+00
1.326390481149453349e+00 3.095881858209780901e+00
1.327016581960691166e+00 3.111878561594014769e+00
1.327642061672156260e+00 3.127965738520720240e+00
1.328266925549136612e+00 3.144144066873079790e+00
1.328891178824402441e+00 3.160414230501562560e+00
1.329514826698531049e+00 3.176776919285871248e+00
1.330137874340222792e+00 3.193232829197580003e+00
1.330760326886616607e+00 3.209782662363604544e+00
1.331382189443600206e+00 3.226427127130343742e+00
1.332003467086116499e+00 3.243166938128590804e+00
1.332624164858470683e+00 3.260002816339158116e+00
1.333244287774626669e+00 3.276935489159388482e+00
1.333863840818505953e+00 3.293965690470332497e+00
1.334482828944278721e+00 3.311094160704787903e+00
1.335101257076658055e+00 3.328321646916109877e+00
1.335719130111180819e+00 3.345648902847893957e+00
1.336336452914496320e+00 3.363076689004344644e+00
1.336953230324642528e+00 3.380605772721676949e+00
1.337569467151325409e+00 3.398236928240231602e+00
1.338185168176191153e+00 3.415970936777428246e+00
1.338800338153098846e+00 3.433808586601732493e+00
1.339414981808385585e+00 3.451750673107331302e+00
1.340029103841133384e+00 3.469797998889862622e+00
1.340642708923429183e+00 3.487951373822922640e+00
1.341255801700624417e+00 3.506211615135562010e+00
1.341868386791591705e+00 3.524579547490700016e+00
1.342480468788976200e+00 3.543056003064491755e+00
1.343092052259446278e+00 3.561641821626625237e+00
1.343703141743942453e+00 3.580337850621570173e+00
1.344313741757920067e+00 3.599144945250875249e+00
1.344923856791593542e+00 3.618063968556461507e+00
1.345533491310172192e+00 3.637095791504825648e+00
1.346142649754101583e+00 3.656241293072356680e+00
1.346751336539294019e+00 3.675501360331669964e+00
1.347359556057362573e+00 3.694876888538979998e+00
1.347967312675847573e+00 3.714368781222556759e+00
1.348574610738447754e+00 3.733977950272234114e+00
1.349181454565237415e+00 3.753705316030081729e+00
1.349787848452897343e+00 3.773551807382042433e+00
1.350393796674924873e+00 3.793518361850886755e+00
1.350999303481856595e+00 3.813605925690191523e+00
1.351604373101483292e+00 3.833815453979435794e+00
1.352209009739058443e+00 3.854147910720408632e+00
1.352813217577512717e+00 3.874604268934688900e+00
1.353417000777658918e+00 3.895185510762368075e+00
1.354020363478398936e+00 3.915892627562018280e+00
1.354623309796926467e+00 3.936726620011867350e+00
1.355225843828931076e+00 3.957688498212231121e+00
1.355827969648793818e+00 3.978779281789277977e+00
1.356000000000000094e+00 1.000000000000000000e+00
1.358999999999999986e+00 1.000000000000000000e+00
1.362000000000000099e+00 1.000000000000000000e+00
1.364999999999999991e+00 1.000000000000000000e+00
1.368000000000000105e+00 1.000000000000000000e+00
1.370999999999999996e+00 1.000000000000000000e+00
1.374000000000000110e+00 1.000000000000000000e+00
1.377000000000000002e+00 1.000000000000000000e+00
1.380000000000000115e+00 1.000000000000000000e+00
1.383000000000000007e+00 1.000000000000000000e+00
1.386000000000000121e+00 1.000000000000000000e+00
1.389000000000000012e+00 1.000000000000000000e+00
1.392000000000000126e+00 1.000000000000000000e+00
1.395000000000000018e+00 1.000000000000000000e+00
1.398000000000000131e+00 1.000000000000000000e+00
1.401000000000000023e+00 1.000000000000000000e+00
1.404000000000000137e+00 1.000000000000000000e+00
1.407000000000000028e+00 1.000000000000000000e+00
1.409999999999999920e+00 1.000000000000000000e+00
1.413000000000000034e+00 1.000000000000000000e+00
1.415999999999999925e+00 1.000000000000000000e+00
1.419000000000000039e+00 1.000000000000000000e+00
1.421999999999999931e+00 1.000000000000000000e+00
1.425000000000000044e+00 1.000000000000000000e+00
1.427999999999999936e+00 1.000000000000000000e+00
1.431000000000000050e+00 1.000000000000000000e+00
1.433999999999999941e+00 1.000000000000000000e+00
1.437000000000000055e+00 1.000000000000000000e+00
1.439999999999999947e+00 1.000000000000000000e+00
1.443000000000000060e+00 1.000000000000000000e+00
1.445999999999999952e+00 1.000000000000000000e+00
1.449000000000000066e+00 1.000000000000000000e+00
1.451999999999999957e+00 1.000000000000000000e+00
1.455000000000000071e+00 1.000000000000000000e+00
1.457999999999999963e+00 1.000000000000000000e+00
1.461000000000000076e+00 1.000000000000000000e+00
1.463999999999999968e+00 1.000000000000000000e+00
1.467000000000000082e+00 1.000000000000000000e+00
1.469999999999999973e+00 1.000000000000000000e+00
1.473000000000000087e+00 1.000000000000000000e+00
1.475999999999999979e+00 1.000000000000000000e+00
1.479000000000000092e+00 1.000000000000000000e+00
1.481999999999999984e+00 1.000000000000000000e+00
1.485000000000000098e+00 1.000000000000000000e+00
1.487999999999999989e+00 1.000000000000000000e+00
1.491000000000000103e+00 1.000000000000000000e+00
1.493999999999999995e+00 1.000000000000000000e+00
1.497000000000000108e+00 1.000000000000000000e+00
1.500000000000000000e+00 1.000000000000000000e+00
1.503000000000000114e+00 1.000000000000000000e+00
1.506000000000000005e+00 1.000000000000000000e+00
1.509000000000000119e+00 1.000000000000000000e+00
1.512000000000000011e+00 1.000000000000000000e+00
1.515000000000000124e+00 1.000000000000000000e+00
1.518000000000000016e+00 1.000000000000000000e+00
1.521000000000000130e+00 1.000000000000000000e+00
1.524000000000000021e+00 1.000000000000000000e+00
1.527000000000000135e+00 1.000000000000000000e+00
1.530000000000000027e+00 1.000000000000000000e+00
1.533000000000000140e+00 1.000000000000000000e+00
1.536000000000000032e+00 1.000000000000000000e+00
1.538999999999999924e+00 1.000000000000000000e+00
1.542000000000000037e+00 1.000000000000000000e+00
1.544999999999999929e+00 1.000000000000000000e+00
1.548000000000000043e+00 1.000000000000000000e+00
1.550999999999999934e+00 1.000000000000000000e+00
1.554000000000000048e+00 1.000000000000000000e+00
1.556999999999999940e+00 1.000000000000000000e+00
1.560000000000000053e+00 1.000000000000000000e+00
1.562999999999999945e+00 1.000000000000000000e+00
1.566000000000000059e+00 1.000000000000000000e+00
1.568999999999999950e+00 1.000000000000000000e+00
1.572000000000000064e+00 1.000000000000000000e+00
1.574999999999999956e+00 1.000000000000000000e+00
1.578000000000000069e+00 1.000000000000000000e+00
1.580999999999999961e+00 1.000000000000000000e+00
1.584000000000000075e+00 1.000000000000000000e+00
1.586999999999999966e+00 1.000000000000000000e+00
1.590000000000000080e+00 1.000000000000000000e+00
1.592999999999999972e+00 1.000000000000000000e+00
1.596000000000000085e+00 1.000000000000000000e+00
1.598999999999999977e+00 1.000000000000000000e+00
1.602000000000000091e+00 1.000000000000000000e+00
1.604999999999999982e+00 1.000000000000000000e+00
1.608000000000000096e+00 1.000000000000000000e+00
1.610999999999999988e+00 1.000000000000000000e+00
1.614000000000000101e+00 1.000000000000000000e+00
1.616999999999999993e+00 1.000000000000000000e+00
1.620000000000000107e+00 1.000000000000000000e+00
1.622999999999999998e+00 1.000000000000000000e+00
1.626000000000000112e+00 1.000000000000000000e+00
1.629000000000000004e+00 1.000000000000000000e+00
1.632000000000000117e+00 1.000000000000000000e+00
1.635000000000000009e+00 1.000000000000000000e+00
1.638000000000000123e+00 1.000000000000000000e+00
1.641000000000000014e+00 1.000000000000000000e+00
1.644000000000000128e+00 1.000000000000000000e+00
1.647000000000000020e+00 1.000000000000000000e+00
1.650000000000000133e+00 1.000000000000000000e+00
1.653000000000000025e+00 1.000000000000000000e+00
1.656000000000000139e+00 1.000000000000000000e+00
1.659000000000000030e+00 1.000000000000000000e+00
1.662000000000000144e+00 1.000000000000000000e+00
1.665000000000000036e+00 1.000000000000000000e+00
1.667999999999999927e+00 1.000000000000000000e+00
1.671000000000000041e+00 1.000000000000000000e+00
1.673999999999999932e+00 1.000000000000000000e+00
1.677000000000000046e+00 1.000000000000000000e+00
1.679999999999999938e+00 1.000000000000000000e+00
1.683000000000000052e+00 1.000000000000000000e+00
1.685999999999999943e+00 1.000000000000000000e+00
1.689000000000000057e+00 1.000000000000000000e+00
1.691999999999999948e+00 1.000000000000000000e+00
1.695000000000000062e+00 1.000000000000000000e+00
1.697999999999999954e+00 1.000000000000000000e+00
1.701000000000000068e+00 1.000000000000000000e+00
1.703999999999999959e+00 1.000000000000000000e+00
1.707000000000000073e+00 1.000000000000000000e+00
1.709999999999999964e+00 1.000000000000000000e+00
1.713000000000000078e+00 1.000000000000000000e+00
1.715999999999999970e+00 1.000000000000000000e+00
1.719000000000000083e+00 1.000000000000000000e+00
1.721999999999999975e+00 1.000000000000000000e+00
1.725000000000000089e+00 1.000000000000000000e+00
1.727999999999999980e+00 1.000000000000000000e+00
1.731000000000000094e+00 1.000000000000000000e+00
1.733999999999999986e+00 1.000000000000000000e+00
1.737000000000000099e+00 1.000000000000000000e+00
1.739999999999999991e+00 1.000000000000000000e+00
1.743000000000000105e+00 1.000000000000000000e+00
1.745999999999999996e+00 1.000000000000000000e+00
1.749000000000000110e+00 1.000000000000000000e+00
1.752000000000000002e+00 1.000000000000000000e+00
1.755000000000000115e+00 1.000000000000000000e+00
1.758000000000000007e+00 1.000000000000000000e+00
1.761000000000000121e+00 1.000000000000000000e+00
1.764000000000000012e+00 1.000000000000000000e+00
1.767000000000000126e+00 1.000000000000000000e+00
1.770000000000000018e+00 1.000000000000000000e+00
1.773000000000000131e+00 1.000000000000000000e+00
1.776000000000000023e+00 1.000000000000000000e+00
1.779000000000000137e+00 1.000000000000000000e+00
1.782000000000000028e+00 1.000000000000000000e+00
1.785000000000000142e+00 1.000000000000000000e+00
1.788000000000000034e+00 1.000000000000000000e+00
1.791000000000000147e+00 1.000000000000000000e+00
1.794000000000000039e+00 1.000000000000000000e+00
1.796999999999999931e+00 1.000000000000000000e+00
1.800000000000000044e+00 1.000000000000000000e+00
1.802999999999999936e+00 1.000000000000000000e+00
1.806000000000000050e+00 1.000000000000000000e+00
1.808999999999999941e+00 1.000000000000000000e+00
1.812000000000000055e+00 1.000000000000000000e+00
1.814999999999999947e+00 1.000000000000000000e+00
1.818000000000000060e+00 1.000000000000000000e+00
1.820999999999999952e+00 1.000000000000000000e+00
1.824000000000000066e+00 1.000000000000000000e+00
1.826999999999999957e+00 1.000000000000000000e+00
1.830000000000000071e+00 1.000000000000000000e+00
1.832999999999999963e+00 1.000000000000000000e+00
1.836000000000000076e+00 1.000000000000000000e+00
1.838999999999999968e+00 1.000000000000000000e+00
1.842000000000000082e+00 1.000000000000000000e+00
1.844999999999999973e+00 1.000000000000000000e+00
1.848000000000000087e+00 1.000000000000000000e+00
1.850999999999999979e+00 1.000000000000000000e+00
1.854000000000000092e+00 1.000000000000000000e+00
1.856999999999999984e+00 1.000000000000000000e+00
1.860000000000000098e+00 1.000000000000000000e+00
1.862999999999999989e+00 1.000000000000000000e+00
1.866000000000000103e+00 1.000000000000000000e+00
1.868999999999999995e+00 1.000000000000000000e+00
1.872000000000000108e+00 1.000000000000000000e+00
1.875000000000000000e+00 1.000000000000000000e+00
1.878000000000000114e+00 1.000000000000000000e+00
1.881000000000000005e+00 1.000000000000000000e+00
1.884000000000000119e+00 1.000000000000000000e+00
1.887000000000000011e+00 1.000000000000000000e+00
1.890000000000000124e+00 1.000000000000000000e+00
1.893000000000000016e+00 1.000000000000000000e+00
1.896000000000000130e+00 1.000000000000000000e+00
1.899000000000000021e+00 1.000000000000000000e+00
1.902000000000000135e+00 1.000000000000000000e+00
1.905000000000000027e+00 1.000000000000000000e+00
1.908000000000000140e+00 1.000000000000000000e+00
1.911000000000000032e+00 1.000000000000000000e+00
1.914000000000000146e+00 1.000000000000000000e+00
1.917000000000000037e+00 1.000000000000000000e+00
1.919999999999999929e+00 1.000000000000000000e+00
1.923000000000000043e+00 1.000000000000000000e+00
1.925999999999999934e+00 1.000000000000000000e+00
1.929000000000000048e+00 1.000000000000000000e+00
1.931999999999999940e+00 1.000000000000000000e+00
1.935000000000000053e+00 1.000000000000000000e+00
1.937999999999999945e+00 1.000000000000000000e+00
1.941000000000000059e+00 1.000000000000000000e+00
1.943999999999999950e+00 1.000000000000000000e+00
1.947000000000000064e+00 1.000000000000000000e+00
1.949999999999999956e+00 1.000000000000000000e+00
1.953000000000000069e+00 1.000000000000000000e+00
1.955999999999999961e+00 1.000000000000000000e+00
1.959000000000000075e+00 1.000000000000000000e+00
1.961999999999999966e+00 1.000000000000000000e+00
1.965000000000000080e+00 1.000000000000000000e+00
1.967999999999999972e+00 1.000000000000000000e+00
1.971000000000000085e+00 1.000000000000000000e+00
1.973999999999999977e+00 1.000000000000000000e+00
1.977000000000000091e+00 1.000000000000000000e+00
1.979999999999999982e+00 1.000000000000000000e+00
1.983000000000000096e+00 1.000000000000000000e+00
1.985999999999999988e+00 1.000000000000000000e+00
1.989000000000000101e+00 1.000000000000000000e+00
1.991999999999999993e+00 1.000000000000000000e+00
1.995000000000000107e+00 1.000000000000000000e+00
1.997999999999999998e+00 1.000000000000000000e+00
2.000999999999999890e+00 1.000000000000000000e+00
2.004000000000000004e+00 1.000000000000000000e+00
2.007000000000000117e+00 1.000000000000000000e+00
2.010000000000000231e+00 1.000000000000000000e+00
2.012999999999999901e+00 1.000000000000000000e+00
2.016000000000000014e+00 1.000000000000000000e+00
2.019000000000000128e+00 1.000000000000000000e+00
2.022000000000000242e+00 1.000000000000000000e+00
2.024999999999999911e+00 1.000000000000000000e+00
2.028000000000000025e+00 1.000000000000000000e+00
2.031000000000000139e+00 1.000000000000000000e+00
2.034000000000000252e+00 1.000000000000000000e+00
2.036999999999999922e+00 1.000000000000000000e+00
2.040000000000000036e+00 1.000000000000000000e+00
2.043000000000000149e+00 1.000000000000000000e+00
2.046000000000000263e+00 1.000000000000000000e+00
2.048999999999999932e+00 1.000000000000000000e+00
2.052000000000000046e+00 1.000000000000000000e+00
2.055000000000000160e+00 1.000000000000000000e+00
2.057999999999999829e+00 1.000000000000000000e+00
2.060999999999999943e+00 1.000000000000000000e+00
2.064000000000000057e+00 1.000000000000000000e+00
2.067000000000000171e+00 1.000000000000000000e+00
2.069999999999999840e+00 1.000000000000000000e+00
2.072999999999999954e+00 1.000000000000000000e+00
2.076000000000000068e+00 1.000000000000000000e+00
2.079000000000000181e+00 1.000000000000000000e+00
2.081999999999999851e+00 1.000000000000000000e+00
2.084999999999999964e+00 1.000000000000000000e+00
2.088000000000000078e+00 1.000000000000000000e+00
2.091000000000000192e+00 1.000000000000000000e+00
2.093999999999999861e+00 1.000000000000000000e+00
2.096999999999999975e+00 1.000000000000000000e+00
2.100000000000000089e+00 1.000000000000000000e+00
2.103000000000000203e+00 1.000000000000000000e+00
2.105999999999999872e+00 1.000000000000000000e+00
2.108999999999999986e+00 1.000000000000000000e+00
2.112000000000000099e+00 1.000000000000000000e+00
2.115000000000000213e+00 1.000000000000000000e+00
2.117999999999999883e+00 1.000000000000000000e+00
2.120999999999999996e+00 1.000000000000000000e+00
2.124000000000000110e+00 1.000000000000000000e+00
2.127000000000000224e+00 1.000000000000000000e+00
2.129999999999999893e+00 1.000000000000000000e+00
2.133000000000000007e+00 1.000000000000000000e+00
2.136000000000000121e+00 1.000000000000000000e+00
2.139000000000000234e+00 1.000000000000000000e+00
2.141999999999999904e+00 1.000000000000000000e+00
2.145000000000000018e+00 1.000000000000000000e+00
2.148000000000000131e+00 1.000000000000000000e+00
2.151000000000000245e+00 1.000000000000000000e+00
2.153999999999999915e+00 1.000000000000000000e+00
2.157000000000000028e+00 1.000000000000000000e+00
2.160000000000000142e+00 1.000000000000000000e+00
2.163000000000000256e+00 1.000000000000000000e+00
2.165999999999999925e+00 1.000000000000000000e+00
2.169000000000000039e+00 1.000000000000000000e+00
2.172000000000000153e+00 1.000000000000000000e+00
2.175000000000000266e+00 1.000000000000000000e+00
2.177999999999999936e+00 1.000000000000000000e+00
2.181000000000000050e+00 1.000000000000000000e+00
2.184000000000000163e+00 1.000000000000000000e+00
2.186999999999999833e+00 1.000000000000000000e+00
2.189999999999999947e+00 1.000000000000000000e+00
2.193000000000000060e+00 1.000000000000000000e+00
2.196000000000000174e+00 1.000000000000000000e+00
2.198999999999999844e+00 1.000000000000000000e+00
2.201999999999999957e+00 1.000000000000000000e+00
2.205000000000000071e+00 1.000000000000000000e+00
2.208000000000000185e+00 1.000000000000000000e+00
2.210999999999999854e+00 1.000000000000000000e+00
2.213999999999999968e+00 1.000000000000000000e+00
2.217000000000000082e+00 1.000000000000000000e+00
2.220000000000000195e+00 1.000000000000000000e+00
2.222999999999999865e+00 1.000000000000000000e+00
2.225999999999999979e+00 1.000000000000000000e+00
2.229000000000000092e+00 1.000000000000000000e+00
2.232000000000000206e+00 1.000000000000000000e+00
2.234999999999999876e+00 1.000000000000000000e+00
2.237999999999999989e+00 1.000000000000000000e+00
2.241000000000000103e+00 1.000000000000000000e+00
2.244000000000000217e+00 1.000000000000000000e+00
2.246999999999999886e+00 1.000000000000000000e+00
2.250000000000000000e+00 1.000000000000000000e+00
2.253000000000000114e+00 1.000000000000000000e+00
2.256000000000000227e+00 1.000000000000000000e+00
2.258999999999999897e+00 1.000000000000000000e+00
2.262000000000000011e+00 1.000000000000000000e+00
2.265000000000000124e+00 1.000000000000000000e+00
2.268000000000000238e+00 1.000000000000000000e+00
2.270999999999999908e+00 1.000000000000000000e+00
2.274000000000000021e+00 1.000000000000000000e+00
2.277000000000000135e+00 1.000000000000000000e+00
2.280000000000000249e+00 1.000000000000000000e+00
2.282999999999999918e+00 1.000000000000000000e+00
2.286000000000000032e+00 1.000000000000000000e+00
2.289000000000000146e+00 1.000000000000000000e+00
2.292000000000000259e+00 1.000000000000000000e+00
2.294999999999999929e+00 1.000000000000000000e+00
2.298000000000000043e+00 1.000000000000000000e+00
2.301000000000000156e+00 1.000000000000000000e+00
2.304000000000000270e+00 1.000000000000000000e+00
2.306999999999999940e+00 1.000000000000000000e+00
2.310000000000000053e+00 1.000000000000000000e+00
2.313000000000000167e+00 1.000000000000000000e+00
2.315999999999999837e+00 1.000000000000000000e+00
2.318999999999999950e+00 1.000000000000000000e+00
2.322000000000000064e+00 1.000000000000000000e+00
2.325000000000000178e+00 1.000000000000000000e+00
2.327999999999999847e+00 1.000000000000000000e+00
2.330999999999999961e+00 1.000000000000000000e+00
2.334000000000000075e+00 1.000000000000000000e+00
2.337000000000000188e+00 1.000000000000000000e+00
2.339999999999999858e+00 1.000000000000000000e+00
2.342999999999999972e+00 1.000000000000000000e+00
2.346000000000000085e+00 1.000000000000000000e+00
2.349000000000000199e+00 1.000000000000000000e+00
2.351999999999999869e+00 1.000000000000000000e+00
2.354999999999999982e+00 1.000000000000000000e+00
2.358000000000000096e+00 1.000000000000000000e+00
2.361000000000000210e+00 1.000000000000000000e+00
2.363999999999999879e+00 1.000000000000000000e+00
2.366999999999999993e+00 1.000000000000000000e+00
2.370000000000000107e+00 1.000000000000000000e+00
2.373000000000000220e+00 1.000000000000000000e+00
2.375999999999999890e+00 1.000000000000000000e+00
2.379000000000000004e+00 1.000000000000000000e+00
2.382000000000000117e+00 1.000000000000000000e+00
2.385000000000000231e+00 1.000000000000000000e+00
2.387999999999999901e+00 1.000000000000000000e+00
2.391000000000000014e+00 1.000000000000000000e+00
2.394000000000000128e+00 1.000000000000000000e+00
2.397000000000000242e+00 1.000000000000000000e+00
2.399999999999999911e+00 1.000000000000000000e+00
2.403000000000000025e+00 1.000000000000000000e+00
2.406000000000000139e+00 1.000000000000000000e+00
2.409000000000000252e+00 1.000000000000000000e+00
2.411999999999999922e+00 1.000000000000000000e+00
2.415000000000000036e+00 1.000000000000000000e+00
2.418000000000000149e+00 1.000000000000000000e+00
2.421000000000000263e+00 1.000000000000000000e+00
2.423999999999999932e+00 1.000000000000000000e+00
2.427000000000000046e+00 1.000000000000000000e+00
2.430000000000000160e+00 1.000000000000000000e+00
2.432999999999999829e+00 1.000000000000000000e+00
2.435999999999999943e+00 1.000000000000000000e+00
2.439000000000000057e+00 1.000000000000000000e+00
2.442000000000000171e+00 1.000000000000000000e+00
2.444999999999999840e+00 1.000000000000000000e+00
2.447999999999999954e+00 1.000000000000000000e+00
2.451000000000000068e+00 1.000000000000000000e+00
2.454000000000000181e+00 1.000000000000000000e+00
2.456999999999999851e+00 1.000000000000000000e+00
2.459999999999999964e+00 1.000000000000000000e+00
2.463000000000000078e+00 1.000000000000000000e+00
2.466000000000000192e+00 1.000000000000000000e+00
2.468999999999999861e+00 1.000000000000000000e+00
2.471999999999999975e+00 1.000000000000000000e+00
2.475000000000000089e+00 1.000000000000000000e+00
2.478000000000000203e+00 1.000000000000000000e+00
2.480999999999999872e+00 1.000000000000000000e+00
2.483999999999999986e+00 1.000000000000000000e+00
2.487000000000000099e+00 1.000000000000000000e+00
2.490000000000000213e+00 1.000000000000000000e+00
2.492999999999999883e+00 1.000000000000000000e+00
2.495999999999999996e+00 1.000000000000000000e+00
2.499000000000000110e+00 1.000000000000000000e+00
2.502000000000000224e+00 1.000000000000000000e+00
2.504999999999999893e+00 1.000000000000000000e+00
2.508000000000000007e+00 1.000000000000000000e+00
2.511000000000000121e+00 1.000000000000000000e+00
2.514000000000000234e+00 1.000000000000000000e+00
2.516999999999999904e+00 1.000000000000000000e+00
2.520000000000000018e+00 1.000000000000000000e+00
2.523000000000000131e+00 1.000000000000000000e+00
2.526000000000000245e+00 1.000000000000000000e+00
2.528999999999999915e+00 1.000000000000000000e+00
2.532000000000000028e+00 1.000000000000000000e+00
2.535000000000000142e+00 1.000000000000000000e+00
2.538000000000000256e+00 1.000000000000000000e+00
2.540999999999999925e+00 1.000000000000000000e+00
2.544000000000000039e+00 1.000000000000000000e+00
2.547000000000000153e+00 1.000000000000000000e+00
2.550000000000000266e+00 1.000000000000000000e+00
2.552999999999999936e+00 1.000000000000000000e+00
2.556000000000000050e+00 1.000000000000000000e+00
2.559000000000000163e+00 1.000000000000000000e+00
2.561999999999999833e+00 1.000000000000000000e+00
2.564999999999999947e+00 1.000000000000000000e+00
2.568000000000000060e+00 1.000000000000000000e+00
2.571000000000000174e+00 1.000000000000000000e+00
2.573999999999999844e+00 1.000000000000000000e+00
2.576999999999999957e+00 1.000000000000000000e+00
2.580000000000000071e+00 1.000000000000000000e+00
2.583000000000000185e+00 1.000000000000000000e+00
2.585999999999999854e+00 1.000000000000000000e+00
2.588999999999999968e+00 1.000000000000000000e+00
2.592000000000000082e+00 1.000000000000000000e+00
2.595000000000000195e+00 1.000000000000000000e+00
2.597999999999999865e+00 1.000000000000000000e+00
2.600999999999999979e+00 1.000000000000000000e+00
2.604000000000000092e+00 1.000000000000000000e+00
2.607000000000000206e+00 1.000000000000000000e+00
2.609999999999999876e+00 1.000000000000000000e+00
2.612999999999999989e+00 1.000000000000000000e+00
2.616000000000000103e+00 1.000000000000000000e+00
2.619000000000000217e+00 1.000000000000000000e+00
2.621999999999999886e+00 1.000000000000000000e+00
2.625000000000000000e+00 1.000000000000000000e+00
2.628000000000000114e+00 1.000000000000000000e+00
2.631000000000000227e+00 1.000000000000000000e+00
2.633999999999999897e+00 1.000000000000000000e+00
2.637000000000000011e+00 1.000000000000000000e+00
2.640000000000000124e+00 1.000000000000000000e+00
2.643000000000000238e+00 1.000000000000000000e+00
2.645999999999999908e+00 1.000000000000000000e+00
2.649000000000000021e+00 1.000000000000000000e+00
2.652000000000000135e+00 1.000000000000000000e+00
2.655000000000000249e+00 1.000000000000000000e+00
2.657999999999999918e+00 1.000000000000000000e+00
2.661000000000000032e+00 1.000000000000000000e+00
2.664000000000000146e+00 1.000000000000000000e+00
2.667000000000000259e+00 1.000000000000000000e+00
2.669999999999999929e+00 1.000000000000000000e+00
2.673000000000000043e+00 1.000000000000000000e+00
2.676000000000000156e+00 1.000000000000000000e+00
2.679000000000000270e+00 1.000000000000000000e+00
2.681999999999999940e+00 1.000000000000000000e+00
2.685000000000000053e+00 1.000000000000000000e+00
2.688000000000000167e+00 1.000000000000000000e+00
2.690999999999999837e+00 1.000000000000000000e+00
2.693999999999999950e+00 1.000000000000000000e+00
2.697000000000000064e+00 1.000000000000000000e+00
2.700000000000000178e+00 1.000000000000000000e+00
2.702999999999999847e+00 1.000000000000000000e+00
2.705999999999999961e+00 1.000000000000000000e+00
2.709000000000000075e+00 1.000000000000000000e+00
2.712000000000000188e+00 1.000000000000000000e+00
2.714999999999999858e+00 1.000000000000000000e+00
2.717999999999999972e+00 1.000000000000000000e+00
2.721000000000000085e+00 1.000000000000000000e+00
2.724000000000000199e+00 1.000000000000000000e+00
2.726999999999999869e+00 1.000000000000000000e+00
2.729999999999999982e+00 1.000000000000000000e+00
2.733000000000000096e+00 1.000000000000000000e+00
2.736000000000000210e+00 1.000000000000000000e+00
2.738999999999999879e+00 1.000000000000000000e+00
2.741999999999999993e+00 1.000000000000000000e+00
2.745000000000000107e+00 1.000000000000000000e+00
2.748000000000000220e+00 1.000000000000000000e+00
2.750999999999999890e+00 1.000000000000000000e+00
2.754000000000000004e+00 1.000000000000000000e+00
2.757000000000000117e+00 1.000000000000000000e+00
2.760000000000000231e+00 1.000000000000000000e+00
2.762999999999999901e+00 1.000000000000000000e+00
2.766000000000000014e+00 1.000000000000000000e+00
2.769000000000000128e+00 1.000000000000000000e+00
2.772000000000000242e+00 1.000000000000000000e+00
2.774999999999999911e+00 1.000000000000000000e+00
2.778000000000000025e+00 1.000000000000000000e+00
2.781000000000000139e+00 1.000000000000000000e+00
2.784000000000000252e+00 1.000000000000000000e+00
2.786999999999999922e+00 1.000000000000000000e+00
2.790000000000000036e+00 1.000000000000000000e+00
2.793000000000000149e+00 1.000000000000000000e+00
2.796000000000000263e+00 1.000000000000000000e+00
2.798999999999999932e+00 1.000000000000000000e+00
2.802000000000000046e+00 1.000000000000000000e+00
2.805000000000000160e+00 1.000000000000000000e+00
2.808000000000000274e+00 1.000000000000000000e+00
2.810999999999999943e+00 1.000000000000000000e+00
2.814000000000000057e+00 1.000000000000000000e+00
2.817000000000000171e+00 1.000000000000000000e+00
2.819999999999999840e+00 1.000000000000000000e+00
2.822999999999999954e+00 1.000000000000000000e+00
2.826000000000000068e+00 1.000000000000000000e+00
2.829000000000000181e+00 1.000000000000000000e+00
2.831999999999999851e+00 1.000000000000000000e+00
2.834999999999999964e+00 1.000000000000000000e+00
2.838000000000000078e+00 1.000000000000000000e+00
2.841000000000000192e+00 1.000000000000000000e+00
2.843999999999999861e+00 1.000000000000000000e+00
2.846999999999999975e+00 1.000000000000000000e+00
2.850000000000000089e+00 1.000000000000000000e+00
2.853000000000000203e+00 1.000000000000000000e+00
2.855999999999999872e+00 1.000000000000000000e+00
2.858999999999999986e+00 1.000000000000000000e+00
2.862000000000000099e+00 1.000000000000000000e+00
2.865000000000000213e+00 1.000000000000000000e+00
2.867999999999999883e+00 1.000000000000000000e+00
2.870999999999999996e+00 1.000000000000000000e+00
2.874000000000000110e+00 1.000000000000000000e+00
2.877000000000000224e+00 1.000000000000000000e+00
2.879999999999999893e+00 1.000000000000000000e+00
2.883000000000000007e+00 1.000000000000000000e+00
2.886000000000000121e+00 1.000000000000000000e+00
2.889000000000000234e+00 1.000000000000000000e+00
2.891999999999999904e+00 1.000000000000000000e+00
2.895000000000000018e+00 1.000000000000000000e+00
2.898000000000000131e+00 1.000000000000000000e+00
2.901000000000000245e+00 1.000000000000000000e+00
2.903999999999999915e+00 1.000000000000000000e+00
2.907000000000000028e+00 1.000000000000000000e+00
2.910000000000000142e+00 1.000000000000000000e+00
2.913000000000000256e+00 1.000000000000000000e+00
2.915999999999999925e+00 1.000000000000000000e+00
2.919000000000000039e+00 1.000000000000000000e+00
2.922000000000000153e+00 1.000000000000000000e+00
2.925000000000000266e+00 1.000000000000000000e+00
2.927999999999999936e+00 1.000000000000000000e+00
2.931000000000000050e+00 1.000000000000000000e+00
2.934000000000000163e+00 1.000000000000000000e+00
2.937000000000000277e+00 1.000000000000000000e+00
2.939999999999999947e+00 1.000000000000000000e+00
2.943000000000000060e+00 1.000000000000000000e+00
2.946000000000000174e+00 1.000000000000000000e+00
2.948999999999999844e+00 1.000000000000000000e+00
2.951999999999999957e+00 1.000000000000000000e+00
2.955000000000000071e+00 1.000000000000000000e+00
2.958000000000000185e+00 1.000000000000000000e+00
2.960999999999999854e+00 1.000000000000000000e+00
2.963999999999999968e+00 1.000000000000000000e+00
2.967000000000000082e+00 1.000000000000000000e+00
2.970000000000000195e+00 1.000000000000000000e+00
2.972999999999999865e+00 1.000000000000000000e+00
2.975999999999999979e+00 1.000000000000000000e+00
2.979000000000000092e+00 1.000000000000000000e+00
2.982000000000000206e+00 1.000000000000000000e+00
2.984999999999999876e+00 1.000000000000000000e+00
2.987999999999999989e+00 1.000000000000000000e+00
2.991000000000000103e+00 1.000000000000000000e+00
2.994000000000000217e+00 1.000000000000000000e+00
2.996999999999999886e+00 1.000000000000000000e+00
