0 0.000e+00 2.000e-03 7.639e+10 -6.130e-01 0.000e+00 1.136e-02 1.066e+00 5.952e-01 4.230e-01
1 2.000e-03 4.000e-03 1.075e+10 -6.153e-01 0.000e+00 1.136e-02 1.066e+00 5.953e-01 4.230e-01
2 4.000e-03 6.000e-03 4.213e+09 -6.127e-01 0.000e+00 1.135e-02 1.066e+00 5.956e-01 4.234e-01
3 6.000e-03 8.000e-03 2.220e+09 -6.146e-01 0.000e+00 1.136e-02 1.066e+00 5.954e-01 4.231e-01
4 8.000e-03 1.000e-02 1.312e+09 -6.119e-01 0.000e+00 1.136e-02 1.066e+00 5.952e-01 4.228e-01
5 1.000e-02 1.200e-02 8.185e+08 -6.098e-01 0.000e+00 1.136e-02 1.065e+00 5.945e-01 4.221e-01
6 1.200e-02 1.400e-02 5.928e+08 -6.120e-01 0.000e+00 1.136e-02 1.064e+00 5.941e-01 4.215e-01
7 1.400e-02 1.600e-02 4.492e+08 -6.132e-01 0.000e+00 1.137e-02 1.063e+00 5.935e-01 4.208e-01
8 1.600e-02 1.800e-02 3.660e+08 -6.154e-01 0.000e+00 1.137e-02 1.063e+00 5.931e-01 4.202e-01
9 1.800e-02 2.000e-02 2.749e+08 -6.168e-01 0.000e+00 1.138e-02 1.062e+00 5.923e-01 4.193e-01
10 2.000e-02 2.200e-02 2.399e+08 -6.176e-01 0.000e+00 1.137e-02 1.062e+00 5.924e-01 4.194e-01
11 2.200e-02 2.400e-02 2.004e+08 -6.211e-01 0.000e+00 1.137e-02 1.062e+00 5.925e-01 4.195e-01
12 2.400e-02 2.600e-02 1.592e+08 -6.220e-01 0.000e+00 1.137e-02 1.062e+00 5.925e-01 4.196e-01
13 2.600e-02 2.800e-02 1.452e+08 -6.237e-01 0.000e+00 1.137e-02 1.063e+00 5.929e-01 4.200e-01
14 2.800e-02 3.000e-02 1.249e+08 -6.223e-01 0.000e+00 1.137e-02 1.063e+00 5.930e-01 4.202e-01
15 3.000e-02 3.200e-02 1.079e+08 -6.212e-01 0.000e+00 1.137e-02 1.063e+00 5.934e-01 4.206e-01
16 3.200e-02 3.400e-02 8.825e+07 -6.178e-01 0.000e+00 1.136e-02 1.064e+00 5.942e-01 4.215e-01
17 3.400e-02 3.600e-02 8.642e+07 -6.128e-01 0.000e+00 1.136e-02 1.065e+00 5.952e-01 4.227e-01
18 3.600e-02 3.800e-02 8.105e+07 -6.095e-01 0.000e+00 1.135e-02 1.067e+00 5.970e-01 4.248e-01
19 3.800e-02 4.000e-02 6.835e+07 -6.081e-01 0.000e+00 1.133e-02 1.069e+00 5.987e-01 4.269e-01
20 4.000e-02 4.200e-02 5.995e+07 -6.063e-01 0.000e+00 1.132e-02 1.072e+00 6.010e-01 4.297e-01
21 4.200e-02 4.400e-02 5.382e+07 -6.064e-01 0.000e+00 1.130e-02 1.075e+00 6.039e-01 4.329e-01
22 4.400e-02 4.600e-02 5.302e+07 -5.984e-01 0.000e+00 1.128e-02 1.079e+00 6.072e-01 4.370e-01
23 4.600e-02 4.800e-02 5.023e+07 -5.913e-01 0.000e+00 1.126e-02 1.084e+00 6.109e-01 4.414e-01
24 4.800e-02 5.000e-02 4.410e+07 -5.847e-01 0.000e+00 1.124e-02 1.088e+00 6.142e-01 4.453e-01
25 5.000e-02 5.200e-02 4.283e+07 -5.736e-01 0.000e+00 1.121e-02 1.092e+00 6.182e-01 4.502e-01
26 5.200e-02 5.400e-02 3.799e+07 -5.660e-01 0.000e+00 1.119e-02 1.097e+00 6.220e-01 4.549e-01
27 5.400e-02 5.600e-02 3.451e+07 -5.596e-01 0.000e+00 1.116e-02 1.102e+00 6.265e-01 4.603e-01
28 5.600e-02 5.800e-02 3.252e+07 -5.544e-01 0.000e+00 1.114e-02 1.108e+00 6.314e-01 4.663e-01
29 5.800e-02 6.000e-02 3.389e+07 -5.458e-01 0.000e+00 1.110e-02 1.114e+00 6.367e-01 4.729e-01
30 6.000e-02 6.200e-02 3.034e+07 -5.336e-01 0.000e+00 1.107e-02 1.120e+00 6.421e-01 4.795e-01
31 6.200e-02 6.400e-02 2.828e+07 -5.239e-01 0.000e+00 1.104e-02 1.126e+00 6.475e-01 4.863e-01
32 6.400e-02 6.600e-02 2.858e+07 -5.114e-01 0.000e+00 1.101e-02 1.133e+00 6.532e-01 4.933e-01
33 6.600e-02 6.800e-02 2.449e+07 -5.010e-01 0.000e+00 1.098e-02 1.139e+00 6.586e-01 5.003e-01
34 6.800e-02 7.000e-02 2.220e+07 -4.929e-01 0.000e+00 1.095e-02 1.146e+00 6.647e-01 5.080e-01
35 7.000e-02 7.200e-02 2.311e+07 -4.856e-01 0.000e+00 1.091e-02 1.154e+00 6.710e-01 5.160e-01
36 7.200e-02 7.400e-02 2.433e+07 -4.754e-01 0.000e+00 1.088e-02 1.161e+00 6.773e-01 5.241e-01
37 7.400e-02 7.600e-02 2.113e+07 -4.628e-01 0.000e+00 1.084e-02 1.169e+00 6.842e-01 5.330e-01
38 7.600e-02 7.800e-02 2.126e+07 -4.495e-01 0.000e+00 1.081e-02 1.176e+00 6.904e-01 5.411e-01
39 7.800e-02 8.000e-02 1.897e+07 -4.379e-01 0.000e+00 1.078e-02 1.183e+00 6.968e-01 5.494e-01
40 8.000e-02 8.200e-02 1.704e+07 -4.278e-01 0.000e+00 1.074e-02 1.190e+00 7.032e-01 5.579e-01
41 8.200e-02 8.400e-02 1.796e+07 -4.191e-01 0.000e+00 1.071e-02 1.198e+00 7.098e-01 5.667e-01
42 8.400e-02 8.600e-02 1.841e+07 -4.080e-01 0.000e+00 1.068e-02 1.205e+00 7.166e-01 5.758e-01
43 8.600e-02 8.800e-02 1.643e+07 -3.971e-01 0.000e+00 1.064e-02 1.213e+00 7.234e-01 5.848e-01
44 8.800e-02 9.000e-02 1.640e+07 -3.854e-01 0.000e+00 1.061e-02 1.220e+00 7.302e-01 5.940e-01
45 9.000e-02 9.200e-02 1.602e+07 -3.736e-01 0.000e+00 1.058e-02 1.228e+00 7.369e-01 6.032e-01
46 9.200e-02 9.400e-02 1.347e+07 -3.641e-01 0.000e+00 1.054e-02 1.236e+00 7.439e-01 6.127e-01
47 9.400e-02 9.600e-02 1.439e+07 -3.532e-01 0.000e+00 1.051e-02 1.243e+00 7.510e-01 6.225e-01
48 9.600e-02 9.800e-02 1.540e+07 -3.424e-01 0.000e+00 1.048e-02 1.251e+00 7.578e-01 6.319e-01
49 9.800e-02 1.000e-01 1.362e+07 -3.311e-01 0.000e+00 1.045e-02 1.259e+00 7.649e-01 6.418e-01
50 1.000e-01 1.020e-01 1.350e+07 -3.194e-01 0.000e+00 1.041e-02 1.266e+00 7.718e-01 6.514e-01
51 1.020e-01 1.040e-01 1.212e+07 -3.086e-01 0.000e+00 1.038e-02 1.274e+00 7.787e-01 6.612e-01
52 1.040e-01 1.060e-01 1.193e+07 -2.985e-01 0.000e+00 1.035e-02 1.281e+00 7.858e-01 6.713e-01
53 1.060e-01 1.080e-01 1.257e+07 -2.876e-01 0.000e+00 1.032e-02 1.289e+00 7.929e-01 6.814e-01
54 1.080e-01 1.100e-01 1.190e+07 -2.771e-01 0.000e+00 1.029e-02 1.297e+00 7.998e-01 6.914e-01
55 1.100e-01 1.120e-01 1.209e+07 -2.660e-01 0.000e+00 1.026e-02 1.304e+00 8.070e-01 7.017e-01
56 1.120e-01 1.140e-01 1.079e+07 -2.555e-01 0.000e+00 1.023e-02 1.312e+00 8.141e-01 7.121e-01
57 1.140e-01 1.160e-01 9.948e+06 -2.452e-01 0.000e+00 1.020e-02 1.320e+00 8.213e-01 7.225e-01
58 1.160e-01 1.180e-01 1.088e+07 -2.343e-01 0.000e+00 1.017e-02 1.327e+00 8.284e-01 7.331e-01
59 1.180e-01 1.200e-01 1.092e+07 -2.233e-01 0.000e+00 1.014e-02 1.335e+00 8.358e-01 7.440e-01
60 1.200e-01 1.220e-01 1.051e+07 -2.127e-01 0.000e+00 1.011e-02 1.343e+00 8.428e-01 7.543e-01
61 1.220e-01 1.240e-01 9.299e+06 -2.025e-01 0.000e+00 1.009e-02 1.350e+00 8.498e-01 7.649e-01
62 1.240e-01 1.260e-01 9.072e+06 -1.921e-01 0.000e+00 1.006e-02 1.358e+00 8.573e-01 7.761e-01
63 1.260e-01 1.280e-01 9.446e+06 -1.817e-01 0.000e+00 1.003e-02 1.365e+00 8.644e-01 7.869e-01
64 1.280e-01 1.300e-01 9.615e+06 -1.708e-01 0.000e+00 1.000e-02 1.373e+00 8.718e-01 7.980e-01
65 1.300e-01 1.320e-01 9.286e+06 -1.604e-01 0.000e+00 9.974e-03 1.380e+00 8.786e-01 8.086e-01
66 1.320e-01 1.340e-01 8.325e+06 -1.504e-01 0.000e+00 9.946e-03 1.388e+00 8.861e-01 8.200e-01
67 1.340e-01 1.360e-01 8.034e+06 -1.402e-01 0.000e+00 9.920e-03 1.396e+00 8.932e-01 8.311e-01
68 1.360e-01 1.380e-01 8.796e+06 -1.298e-01 0.000e+00 9.892e-03 1.403e+00 9.007e-01 8.426e-01
69 1.380e-01 1.400e-01 8.797e+06 -1.192e-01 0.000e+00 9.866e-03 1.411e+00 9.077e-01 8.537e-01
70 1.400e-01 1.420e-01 8.037e+06 -1.092e-01 0.000e+00 9.841e-03 1.418e+00 9.147e-01 8.648e-01
71 1.420e-01 1.440e-01 7.088e+06 -9.924e-02 0.000e+00 9.815e-03 1.425e+00 9.220e-01 8.762e-01
72 1.440e-01 1.460e-01 7.994e+06 -8.946e-02 0.000e+00 9.790e-03 1.433e+00 9.292e-01 8.876e-01
73 1.460e-01 1.480e-01 7.895e+06 -7.960e-02 0.000e+00 9.766e-03 1.440e+00 9.360e-01 8.985e-01
74 1.480e-01 1.500e-01 7.637e+06 -6.998e-02 0.000e+00 9.743e-03 1.447e+00 9.427e-01 9.092e-01
75 1.500e-01 1.520e-01 7.176e+06 -6.107e-02 0.000e+00 9.721e-03 1.453e+00 9.491e-01 9.195e-01
76 1.520e-01 1.540e-01 6.608e+06 -5.231e-02 0.000e+00 9.699e-03 1.460e+00 9.554e-01 9.297e-01
77 1.540e-01 1.560e-01 7.278e+06 -4.395e-02 0.000e+00 9.680e-03 1.466e+00 9.613e-01 9.393e-01
78 1.560e-01 1.580e-01 7.197e+06 -3.593e-02 0.000e+00 9.661e-03 1.471e+00 9.668e-01 9.484e-01
79 1.580e-01 1.600e-01 6.883e+06 -2.907e-02 0.000e+00 9.644e-03 1.476e+00 9.721e-01 9.569e-01
80 1.600e-01 1.620e-01 5.886e+06 -2.262e-02 0.000e+00 9.628e-03 1.481e+00 9.769e-01 9.647e-01
81 1.620e-01 1.640e-01 6.661e+06 -1.677e-02 0.000e+00 9.614e-03 1.486e+00 9.811e-01 9.717e-01
82 1.640e-01 1.660e-01 6.664e+06 -1.162e-02 0.000e+00 9.602e-03 1.489e+00 9.846e-01 9.776e-01
83 1.660e-01 1.680e-01 6.483e+06 -7.590e-03 0.000e+00 9.592e-03 1.493e+00 9.880e-01 9.830e-01
84 1.680e-01 1.700e-01 5.520e+06 -4.058e-03 0.000e+00 9.583e-03 1.495e+00 9.906e-01 9.874e-01
85 1.700e-01 1.720e-01 5.958e+06 -1.348e-03 0.000e+00 9.576e-03 1.497e+00 9.928e-01 9.911e-01
86 1.720e-01 1.740e-01 6.119e+06 8.592e-04 0.000e+00 9.571e-03 1.499e+00 9.944e-01 9.939e-01
87 1.740e-01 1.760e-01 5.848e+06 2.310e-03 0.000e+00 9.566e-03 1.500e+00 9.958e-01 9.961e-01
88 1.760e-01 1.780e-01 5.405e+06 3.370e-03 0.000e+00 9.564e-03 1.502e+00 9.964e-01 9.974e-01
89 1.780e-01 1.800e-01 5.305e+06 4.050e-03 0.000e+00 9.561e-03 1.502e+00 9.976e-01 9.991e-01
90 1.800e-01 1.820e-01 5.409e+06 4.406e-03 0.000e+00 9.560e-03 1.503e+00 9.977e-01 9.994e-01
91 1.820e-01 1.840e-01 5.380e+06 4.579e-03 0.000e+00 9.561e-03 1.503e+00 9.976e-01 9.996e-01
92 1.840e-01 1.860e-01 5.022e+06 4.561e-03 0.000e+00 9.559e-03 1.503e+00 9.983e-01 1.000e+00
93 1.860e-01 1.880e-01 4.836e+06 4.514e-03 0.000e+00 9.559e-03 1.503e+00 9.980e-01 1.000e+00
94 1.880e-01 1.900e-01 4.943e+06 4.303e-03 0.000e+00 9.559e-03 1.503e+00 9.981e-01 1.000e+00
95 1.900e-01 1.920e-01 5.008e+06 4.143e-03 0.000e+00 9.559e-03 1.503e+00 9.981e-01 1.000e+00
96 1.920e-01 1.940e-01 4.597e+06 3.966e-03 0.000e+00 9.559e-03 1.503e+00 9.981e-01 9.999e-01
97 1.940e-01 1.960e-01 4.437e+06 3.783e-03 0.000e+00 9.560e-03 1.503e+00 9.977e-01 9.995e-01
98 1.960e-01 1.980e-01 4.451e+06 3.436e-03 0.000e+00 9.561e-03 1.502e+00 9.976e-01 9.993e-01
99 1.980e-01 2.000e-01 4.694e+06 3.284e-03 0.000e+00 9.561e-03 1.502e+00 9.976e-01 9.991e-01
100 2.000e-01 2.020e-01 4.407e+06 3.117e-03 0.000e+00 9.562e-03 1.502e+00 9.971e-01 9.985e-01
101 2.020e-01 2.040e-01 3.903e+06 2.870e-03 0.000e+00 9.562e-03 1.502e+00 9.973e-01 9.986e-01
102 2.040e-01 2.060e-01 4.146e+06 2.636e-03 0.000e+00 9.563e-03 1.502e+00 9.970e-01 9.982e-01
103 2.060e-01 2.080e-01 4.224e+06 2.395e-03 0.000e+00 9.563e-03 1.502e+00 9.970e-01 9.981e-01
104 2.080e-01 2.100e-01 4.124e+06 2.264e-03 0.000e+00 9.563e-03 1.502e+00 9.968e-01 9.979e-01
105 2.100e-01 2.120e-01 3.794e+06 2.023e-03 0.000e+00 9.564e-03 1.501e+00 9.965e-01 9.975e-01
106 2.120e-01 2.140e-01 3.751e+06 1.791e-03 0.000e+00 9.564e-03 1.501e+00 9.964e-01 9.973e-01
107 2.140e-01 2.160e-01 3.806e+06 1.661e-03 0.000e+00 9.565e-03 1.501e+00 9.964e-01 9.971e-01
108 2.160e-01 2.180e-01 3.844e+06 1.503e-03 0.000e+00 9.565e-03 1.501e+00 9.961e-01 9.967e-01
109 2.180e-01 2.200e-01 3.593e+06 1.303e-03 0.000e+00 9.565e-03 1.501e+00 9.962e-01 9.968e-01
110 2.200e-01 2.220e-01 3.419e+06 1.105e-03 0.000e+00 9.565e-03 1.501e+00 9.961e-01 9.966e-01
111 2.220e-01 2.240e-01 3.593e+06 1.001e-03 0.000e+00 9.566e-03 1.501e+00 9.960e-01 9.964e-01
112 2.240e-01 2.260e-01 3.534e+06 8.873e-04 0.000e+00 9.566e-03 1.501e+00 9.960e-01 9.963e-01
113 2.260e-01 2.280e-01 3.472e+06 7.836e-04 0.000e+00 9.566e-03 1.501e+00 9.958e-01 9.961e-01
114 2.280e-01 2.300e-01 3.027e+06 5.515e-04 0.000e+00 9.567e-03 1.500e+00 9.957e-01 9.960e-01
115 2.300e-01 2.320e-01 3.408e+06 5.454e-04 0.000e+00 9.567e-03 1.500e+00 9.956e-01 9.958e-01
116 2.320e-01 2.340e-01 3.256e+06 4.440e-04 0.000e+00 9.568e-03 1.500e+00 9.954e-01 9.956e-01
117 2.340e-01 2.360e-01 3.278e+06 3.952e-04 0.000e+00 9.567e-03 1.500e+00 9.956e-01 9.957e-01
118 2.360e-01 2.380e-01 2.803e+06 2.751e-04 0.000e+00 9.568e-03 1.500e+00 9.952e-01 9.954e-01
119 2.380e-01 2.400e-01 3.091e+06 2.042e-04 0.000e+00 9.567e-03 1.500e+00 9.955e-01 9.956e-01
120 2.400e-01 2.420e-01 3.212e+06 1.889e-04 0.000e+00 9.568e-03 1.500e+00 9.954e-01 9.954e-01
121 2.420e-01 2.440e-01 2.997e+06 1.528e-04 0.000e+00 9.568e-03 1.500e+00 9.952e-01 9.952e-01
122 2.440e-01 2.460e-01 2.673e+06 6.706e-05 0.000e+00 9.568e-03 1.500e+00 9.953e-01 9.954e-01
123 2.460e-01 2.480e-01 2.821e+06 4.025e-05 0.000e+00 9.568e-03 1.500e+00 9.954e-01 9.955e-01
124 2.480e-01 2.500e-01 2.988e+06 9.109e-06 0.000e+00 9.568e-03 1.500e+00 9.953e-01 9.953e-01
125 2.500e-01 2.520e-01 2.786e+06 5.869e-06 0.000e+00 9.568e-03 1.500e+00 9.955e-01 9.955e-01
126 2.520e-01 2.540e-01 2.606e+06 -6.739e-05 0.000e+00 9.568e-03 1.500e+00 9.954e-01 9.955e-01
127 2.540e-01 2.560e-01 2.630e+06 -1.528e-04 0.000e+00 9.568e-03 1.500e+00 9.954e-01 9.955e-01
128 2.560e-01 2.580e-01 2.766e+06 -1.189e-04 0.000e+00 9.568e-03 1.500e+00 9.954e-01 9.955e-01
129 2.580e-01 2.600e-01 2.651e+06 -1.722e-04 0.000e+00 9.568e-03 1.500e+00 9.954e-01 9.955e-01
130 2.600e-01 2.620e-01 2.551e+06 -2.574e-04 0.000e+00 9.567e-03 1.500e+00 9.955e-01 9.956e-01
131 2.620e-01 2.640e-01 2.295e+06 -3.324e-04 0.000e+00 9.567e-03 1.500e+00 9.955e-01 9.957e-01
132 2.640e-01 2.660e-01 2.617e+06 -3.627e-04 0.000e+00 9.567e-03 1.500e+00 9.956e-01 9.958e-01
133 2.660e-01 2.680e-01 2.497e+06 -4.688e-04 0.000e+00 9.567e-03 1.500e+00 9.956e-01 9.958e-01
134 2.680e-01 2.700e-01 2.493e+06 -5.529e-04 0.000e+00 9.567e-03 1.500e+00 9.957e-01 9.959e-01
135 2.700e-01 2.720e-01 2.115e+06 -7.255e-04 0.000e+00 9.567e-03 1.500e+00 9.956e-01 9.959e-01
136 2.720e-01 2.740e-01 2.409e+06 -7.221e-04 0.000e+00 9.566e-03 1.501e+00 9.959e-01 9.963e-01
137 2.740e-01 2.760e-01 2.351e+06 -9.349e-04 0.000e+00 9.566e-03 1.501e+00 9.959e-01 9.963e-01
138 2.760e-01 2.780e-01 2.442e+06 -1.037e-03 0.000e+00 9.566e-03 1.501e+00 9.958e-01 9.963e-01
139 2.780e-01 2.800e-01 2.050e+06 -1.199e-03 0.000e+00 9.566e-03 1.501e+00 9.960e-01 9.966e-01
140 2.800e-01 2.820e-01 2.185e+06 -1.332e-03 0.000e+00 9.565e-03 1.501e+00 9.962e-01 9.968e-01
141 2.820e-01 2.840e-01 2.242e+06 -1.491e-03 0.000e+00 9.565e-03 1.501e+00 9.962e-01 9.969e-01
142 2.840e-01 2.860e-01 2.307e+06 -1.703e-03 0.000e+00 9.565e-03 1.501e+00 9.964e-01 9.972e-01
143 2.860e-01 2.880e-01 2.025e+06 -1.844e-03 0.000e+00 9.564e-03 1.501e+00 9.964e-01 9.973e-01
144 2.880e-01 2.900e-01 1.984e+06 -2.028e-03 0.000e+00 9.564e-03 1.501e+00 9.966e-01 9.975e-01
145 2.900e-01 2.920e-01 2.115e+06 -2.317e-03 0.000e+00 9.564e-03 1.502e+00 9.967e-01 9.977e-01
146 2.920e-01 2.940e-01 2.118e+06 -2.446e-03 0.000e+00 9.564e-03 1.502e+00 9.967e-01 9.978e-01
147 2.940e-01 2.960e-01 2.024e+06 -2.668e-03 0.000e+00 9.562e-03 1.502e+00 9.971e-01 9.983e-01
148 2.960e-01 2.980e-01 1.751e+06 -2.871e-03 0.000e+00 9.562e-03 1.502e+00 9.971e-01 9.984e-01
149 2.980e-01 3.000e-01 2.105e+06 -3.136e-03 0.000e+00 9.562e-03 1.502e+00 9.973e-01 9.988e-01
150 3.000e-01 3.020e-01 1.960e+06 -3.327e-03 0.000e+00 9.561e-03 1.502e+00 9.974e-01 9.989e-01
151 3.020e-01 3.040e-01 1.962e+06 -3.525e-03 0.000e+00 9.561e-03 1.502e+00 9.976e-01 9.992e-01
152 3.040e-01 3.060e-01 1.658e+06 -3.782e-03 0.000e+00 9.560e-03 1.503e+00 9.977e-01 9.995e-01
153 3.060e-01 3.080e-01 1.950e+06 -4.009e-03 0.000e+00 9.559e-03 1.503e+00 9.980e-01 9.998e-01
154 3.080e-01 3.100e-01 1.834e+06 -4.171e-03 0.000e+00 9.560e-03 1.503e+00 9.979e-01 9.998e-01
155 3.100e-01 3.120e-01 1.920e+06 -4.358e-03 0.000e+00 9.559e-03 1.503e+00 9.982e-01 1.000e+00
156 3.120e-01 3.140e-01 1.592e+06 -4.521e-03 0.000e+00 9.559e-03 1.503e+00 9.981e-01 1.000e+00
157 3.140e-01 3.160e-01 1.790e+06 -4.626e-03 0.000e+00 9.559e-03 1.503e+00 9.982e-01 1.000e+00
158 3.160e-01 3.180e-01 1.801e+06 -4.589e-03 0.000e+00 9.559e-03 1.503e+00 9.980e-01 9.999e-01
159 3.180e-01 3.200e-01 1.802e+06 -4.416e-03 0.000e+00 9.560e-03 1.503e+00 9.977e-01 9.994e-01
160 3.200e-01 3.220e-01 1.633e+06 -4.049e-03 0.000e+00 9.562e-03 1.502e+00 9.972e-01 9.986e-01
161 3.220e-01 3.240e-01 1.554e+06 -3.366e-03 0.000e+00 9.564e-03 1.501e+00 9.966e-01 9.975e-01
162 3.240e-01 3.260e-01 1.752e+06 -2.328e-03 0.000e+00 9.567e-03 1.500e+00 9.957e-01 9.959e-01
163 3.260e-01 3.280e-01 1.683e+06 -7.906e-04 0.000e+00 9.571e-03 1.499e+00 9.943e-01 9.937e-01
164 3.280e-01 3.300e-01 1.631e+06 1.410e-03 0.000e+00 9.577e-03 1.497e+00 9.926e-01 9.908e-01
165 3.300e-01 3.320e-01 1.449e+06 4.168e-03 0.000e+00 9.584e-03 1.495e+00 9.902e-01 9.870e-01
166 3.320e-01 3.340e-01 1.586e+06 7.630e-03 0.000e+00 9.593e-03 1.492e+00 9.877e-01 9.826e-01
167 3.340e-01 3.360e-01 1.628e+06 1.189e-02 0.000e+00 9.604e-03 1.489e+00 9.843e-01 9.771e-01
168 3.360e-01 3.380e-01 1.543e+06 1.694e-02 0.000e+00 9.616e-03 1.485e+00 9.806e-01 9.711e-01
169 3.380e-01 3.400e-01 1.394e+06 2.271e-02 0.000e+00 9.629e-03 1.481e+00 9.764e-01 9.641e-01
170 3.400e-01 3.420e-01 1.429e+06 2.912e-02 0.000e+00 9.646e-03 1.476e+00 9.715e-01 9.561e-01
171 3.420e-01 3.440e-01 1.479e+06 3.631e-02 0.000e+00 9.662e-03 1.471e+00 9.667e-01 9.481e-01
172 3.440e-01 3.460e-01 1.544e+06 4.419e-02 0.000e+00 9.681e-03 1.465e+00 9.609e-01 9.388e-01
173 3.460e-01 3.480e-01 1.283e+06 5.243e-02 0.000e+00 9.700e-03 1.460e+00 9.553e-01 9.295e-01
174 3.480e-01 3.500e-01 1.281e+06 6.169e-02 0.000e+00 9.722e-03 1.453e+00 9.488e-01 9.189e-01
175 3.500e-01 3.520e-01 1.426e+06 7.017e-02 0.000e+00 9.743e-03 1.446e+00 9.426e-01 9.089e-01
176 3.520e-01 3.540e-01 1.393e+06 7.998e-02 0.000e+00 9.767e-03 1.439e+00 9.357e-01 8.979e-01
177 3.540e-01 3.560e-01 1.280e+06 8.985e-02 0.000e+00 9.791e-03 1.433e+00 9.289e-01 8.871e-01
178 3.560e-01 3.580e-01 1.121e+06 9.975e-02 0.000e+00 9.815e-03 1.425e+00 9.219e-01 8.760e-01
179 3.580e-01 3.600e-01 1.294e+06 1.096e-01 0.000e+00 9.842e-03 1.418e+00 9.145e-01 8.643e-01
180 3.600e-01 3.620e-01 1.309e+06 1.193e-01 0.000e+00 9.866e-03 1.411e+00 9.077e-01 8.536e-01
181 3.620e-01 3.640e-01 1.185e+06 1.303e-01 0.000e+00 9.893e-03 1.403e+00 9.004e-01 8.423e-01
182 3.640e-01 3.660e-01 1.117e+06 1.406e-01 0.000e+00 9.919e-03 1.396e+00 8.934e-01 8.312e-01
183 3.660e-01 3.680e-01 1.095e+06 1.509e-01 0.000e+00 9.947e-03 1.388e+00 8.858e-01 8.196e-01
184 3.680e-01 3.700e-01 1.186e+06 1.603e-01 0.000e+00 9.974e-03 1.380e+00 8.786e-01 8.085e-01
185 3.700e-01 3.720e-01 1.169e+06 1.712e-01 0.000e+00 1.000e-02 1.373e+00 8.713e-01 7.975e-01
186 3.720e-01 3.740e-01 1.086e+06 1.822e-01 0.000e+00 1.003e-02 1.365e+00 8.642e-01 7.865e-01
187 3.740e-01 3.760e-01 1.013e+06 1.929e-01 0.000e+00 1.006e-02 1.358e+00 8.569e-01 7.756e-01
188 3.760e-01 3.780e-01 9.824e+05 2.026e-01 0.000e+00 1.009e-02 1.350e+00 8.494e-01 7.642e-01
189 3.780e-01 3.800e-01 1.076e+06 2.131e-01 0.000e+00 1.012e-02 1.342e+00 8.424e-01 7.538e-01
190 3.800e-01 3.820e-01 1.091e+06 2.234e-01 0.000e+00 1.014e-02 1.335e+00 8.353e-01 7.434e-01
191 3.820e-01 3.840e-01 9.678e+05 2.352e-01 0.000e+00 1.017e-02 1.327e+00 8.283e-01 7.329e-01
192 3.840e-01 3.860e-01 9.248e+05 2.460e-01 0.000e+00 1.020e-02 1.319e+00 8.210e-01 7.221e-01
193 3.860e-01 3.880e-01 9.167e+05 2.564e-01 0.000e+00 1.023e-02 1.312e+00 8.137e-01 7.114e-01
194 3.880e-01 3.900e-01 9.508e+05 2.663e-01 0.000e+00 1.026e-02 1.304e+00 8.066e-01 7.012e-01
195 3.900e-01 3.920e-01 9.564e+05 2.773e-01 0.000e+00 1.029e-02 1.296e+00 7.996e-01 6.911e-01
196 3.920e-01 3.940e-01 9.467e+05 2.884e-01 0.000e+00 1.032e-02 1.289e+00 7.923e-01 6.807e-01
197 3.940e-01 3.960e-01 8.160e+05 2.987e-01 0.000e+00 1.035e-02 1.281e+00 7.853e-01 6.706e-01
198 3.960e-01 3.980e-01 7.863e+05 3.099e-01 0.000e+00 1.039e-02 1.273e+00 7.782e-01 6.605e-01
199 3.980e-01 4.000e-01 8.891e+05 3.197e-01 0.000e+00 1.042e-02 1.266e+00 7.712e-01 6.507e-01
200 4.000e-01 4.020e-01 8.723e+05 3.321e-01 0.000e+00 1.045e-02 1.258e+00 7.644e-01 6.412e-01
201 4.020e-01 4.040e-01 8.663e+05 3.431e-01 0.000e+00 1.048e-02 1.250e+00 7.574e-01 6.314e-01
202 4.040e-01 4.060e-01 7.737e+05 3.538e-01 0.000e+00 1.051e-02 1.243e+00 7.504e-01 6.217e-01
203 4.060e-01 4.080e-01 7.264e+05 3.644e-01 0.000e+00 1.055e-02 1.235e+00 7.434e-01 6.122e-01
204 4.080e-01 4.100e-01 7.129e+05 3.746e-01 0.000e+00 1.058e-02 1.227e+00 7.365e-01 6.026e-01
205 4.100e-01 4.120e-01 8.379e+05 3.851e-01 0.000e+00 1.061e-02 1.220e+00 7.300e-01 5.938e-01
206 4.120e-01 4.140e-01 7.614e+05 3.974e-01 0.000e+00 1.064e-02 1.212e+00 7.230e-01 5.843e-01
207 4.140e-01 4.160e-01 7.233e+05 4.095e-01 0.000e+00 1.068e-02 1.205e+00 7.162e-01 5.752e-01
208 4.160e-01 4.180e-01 7.334e+05 4.188e-01 0.000e+00 1.071e-02 1.197e+00 7.094e-01 5.661e-01
209 4.180e-01 4.200e-01 6.080e+05 4.285e-01 0.000e+00 1.074e-02 1.190e+00 7.030e-01 5.577e-01
210 4.200e-01 4.220e-01 6.681e+05 4.378e-01 0.000e+00 1.078e-02 1.182e+00 6.962e-01 5.486e-01
211 4.220e-01 4.240e-01 7.412e+05 4.511e-01 0.000e+00 1.081e-02 1.175e+00 6.901e-01 5.407e-01
212 4.240e-01 4.260e-01 6.720e+05 4.639e-01 0.000e+00 1.084e-02 1.168e+00 6.839e-01 5.326e-01
213 4.260e-01 4.280e-01 6.518e+05 4.752e-01 0.000e+00 1.088e-02 1.160e+00 6.771e-01 5.239e-01
214 4.280e-01 4.300e-01 6.469e+05 4.848e-01 0.000e+00 1.091e-02 1.153e+00 6.709e-01 5.159e-01
215 4.300e-01 4.320e-01 5.792e+05 4.932e-01 0.000e+00 1.095e-02 1.146e+00 6.642e-01 5.074e-01
216 4.320e-01 4.340e-01 5.693e+05 5.026e-01 0.000e+00 1.098e-02 1.139e+00 6.585e-01 5.000e-01
217 4.340e-01 4.360e-01 6.560e+05 5.130e-01 0.000e+00 1.101e-02 1.132e+00 6.528e-01 4.928e-01
218 4.360e-01 4.380e-01 6.212e+05 5.235e-01 0.000e+00 1.104e-02 1.126e+00 6.472e-01 4.859e-01
219 4.380e-01 4.400e-01 5.880e+05 5.346e-01 0.000e+00 1.108e-02 1.120e+00 6.417e-01 4.791e-01
220 4.400e-01 4.420e-01 5.423e+05 5.468e-01 0.000e+00 1.111e-02 1.113e+00 6.362e-01 4.723e-01
221 4.420e-01 4.440e-01 5.363e+05 5.542e-01 0.000e+00 1.114e-02 1.108e+00 6.312e-01 4.661e-01
222 4.440e-01 4.460e-01 5.540e+05 5.602e-01 0.000e+00 1.117e-02 1.102e+00 6.263e-01 4.601e-01
223 4.460e-01 4.480e-01 5.703e+05 5.677e-01 0.000e+00 1.119e-02 1.097e+00 6.218e-01 4.545e-01
224 4.480e-01 4.500e-01 5.421e+05 5.742e-01 0.000e+00 1.122e-02 1.092e+00 6.176e-01 4.494e-01
225 4.500e-01 4.520e-01 4.956e+05 5.835e-01 0.000e+00 1.124e-02 1.088e+00 6.140e-01 4.452e-01
226 4.520e-01 4.540e-01 5.202e+05 5.933e-01 0.000e+00 1.126e-02 1.083e+00 6.104e-01 4.407e-01
227 4.540e-01 4.560e-01 5.258e+05 6.000e-01 0.000e+00 1.128e-02 1.079e+00 6.067e-01 4.363e-01
228 4.560e-01 4.580e-01 4.897e+05 6.043e-01 0.000e+00 1.130e-02 1.075e+00 6.038e-01 4.330e-01
229 4.580e-01 4.600e-01 4.976e+05 6.074e-01 0.000e+00 1.132e-02 1.072e+00 6.009e-01 4.294e-01
230 4.600e-01 4.620e-01 4.963e+05 6.085e-01 0.000e+00 1.134e-02 1.069e+00 5.982e-01 4.263e-01
231 4.620e-01 4.640e-01 4.662e+05 6.098e-01 0.000e+00 1.135e-02 1.067e+00 5.965e-01 4.243e-01
232 4.640e-01 4.660e-01 4.779e+05 6.143e-01 0.000e+00 1.136e-02 1.065e+00 5.950e-01 4.224e-01
233 4.660e-01 4.680e-01 4.904e+05 6.175e-01 0.000e+00 1.136e-02 1.064e+00 5.939e-01 4.212e-01
234 4.680e-01 4.700e-01 4.862e+05 6.207e-01 0.000e+00 1.137e-02 1.063e+00 5.931e-01 4.203e-01
235 4.700e-01 4.720e-01 4.611e+05 6.231e-01 0.000e+00 1.137e-02 1.062e+00 5.927e-01 4.198e-01
236 4.720e-01 4.740e-01 4.316e+05 6.235e-01 0.000e+00 1.137e-02 1.063e+00 5.928e-01 4.199e-01
237 4.740e-01 4.760e-01 4.543e+05 6.237e-01 0.000e+00 1.137e-02 1.062e+00 5.925e-01 4.195e-01
238 4.760e-01 4.780e-01 4.570e+05 6.206e-01 0.000e+00 1.137e-02 1.062e+00 5.924e-01 4.195e-01
239 4.780e-01 4.800e-01 4.828e+05 6.170e-01 0.000e+00 1.138e-02 1.062e+00 5.923e-01 4.193e-01
240 4.800e-01 4.820e-01 4.348e+05 6.170e-01 0.000e+00 1.137e-02 1.062e+00 5.926e-01 4.198e-01
241 4.820e-01 4.840e-01 4.475e+05 6.145e-01 0.000e+00 1.137e-02 1.063e+00 5.930e-01 4.202e-01
242 4.840e-01 4.860e-01 4.312e+05 6.137e-01 0.000e+00 1.137e-02 1.063e+00 5.934e-01 4.206e-01
243 4.860e-01 4.880e-01 4.035e+05 6.117e-01 0.000e+00 1.136e-02 1.065e+00 5.946e-01 4.221e-01
244 4.880e-01 4.900e-01 4.428e+05 6.107e-01 0.000e+00 1.136e-02 1.065e+00 5.950e-01 4.225e-01
245 4.900e-01 4.920e-01 4.586e+05 6.123e-01 0.000e+00 1.136e-02 1.065e+00 5.949e-01 4.225e-01
246 4.920e-01 4.940e-01 4.112e+05 6.132e-01 0.000e+00 1.136e-02 1.066e+00 5.953e-01 4.229e-01
247 4.940e-01 4.960e-01 4.469e+05 6.138e-01 0.000e+00 1.136e-02 1.066e+00 5.954e-01 4.230e-01
248 4.960e-01 4.980e-01 4.235e+05 6.133e-01 0.000e+00 1.136e-02 1.066e+00 5.954e-01 4.232e-01
249 4.980e-01 5.000e-01 3.869e+05 6.125e-01 0.000e+00 1.136e-02 1.066e+00 5.951e-01 4.229e-01
250 5.000e-01 5.020e-01 4.134e+05 6.120e-01 0.000e+00 1.136e-02 1.065e+00 5.945e-01 4.221e-01
251 5.020e-01 5.040e-01 4.059e+05 6.121e-01 0.000e+00 1.136e-02 1.065e+00 5.946e-01 4.222e-01
252 5.040e-01 5.060e-01 4.377e+05 6.125e-01 0.000e+00 1.136e-02 1.065e+00 5.946e-01 4.222e-01
253 5.060e-01 5.080e-01 3.888e+05 6.136e-01 0.000e+00 1.136e-02 1.065e+00 5.943e-01 4.219e-01
254 5.080e-01 5.100e-01 4.169e+05 6.134e-01 0.000e+00 1.136e-02 1.065e+00 5.947e-01 4.224e-01
255 5.100e-01 5.120e-01 3.876e+05 6.128e-01 0.000e+00 1.136e-02 1.065e+00 5.946e-01 4.223e-01
256 5.120e-01 5.140e-01 3.870e+05 6.125e-01 0.000e+00 1.136e-02 1.065e+00 5.942e-01 4.218e-01
257 5.140e-01 5.160e-01 3.768e+05 6.115e-01 0.000e+00 1.136e-02 1.065e+00 5.944e-01 4.221e-01
258 5.160e-01 5.180e-01 4.097e+05 6.113e-01 0.000e+00 1.136e-02 1.066e+00 5.946e-01 4.225e-01
259 5.180e-01 5.200e-01 3.876e+05 6.124e-01 0.000e+00 1.136e-02 1.066e+00 5.947e-01 4.225e-01
260 5.200e-01 5.220e-01 3.893e+05 6.149e-01 0.000e+00 1.136e-02 1.065e+00 5.944e-01 4.221e-01
261 5.220e-01 5.240e-01 3.584e+05 6.131e-01 0.000e+00 1.136e-02 1.065e+00 5.944e-01 4.222e-01
262 5.240e-01 5.260e-01 3.865e+05 6.146e-01 0.000e+00 1.136e-02 1.066e+00 5.943e-01 4.222e-01
263 5.260e-01 5.280e-01 3.553e+05 6.105e-01 0.000e+00 1.137e-02 1.065e+00 5.939e-01 4.217e-01
264 5.280e-01 5.300e-01 3.920e+05 6.121e-01 0.000e+00 1.137e-02 1.065e+00 5.933e-01 4.211e-01
265 5.300e-01 5.320e-01 3.688e+05 6.116e-01 0.000e+00 1.137e-02 1.065e+00 5.933e-01 4.211e-01
266 5.320e-01 5.340e-01 3.600e+05 6.104e-01 0.000e+00 1.137e-02 1.064e+00 5.930e-01 4.207e-01
267 5.340e-01 5.360e-01 3.640e+05 6.119e-01 0.000e+00 1.137e-02 1.064e+00 5.928e-01 4.205e-01
268 5.360e-01 5.380e-01 3.547e+05 6.123e-01 0.000e+00 1.137e-02 1.064e+00 5.927e-01 4.205e-01
269 5.380e-01 5.400e-01 3.535e+05 6.130e-01 0.000e+00 1.137e-02 1.064e+00 5.924e-01 4.204e-01
270 5.400e-01 5.420e-01 3.516e+05 6.133e-01 0.000e+00 1.138e-02 1.064e+00 5.919e-01 4.199e-01
271 5.420e-01 5.440e-01 3.563e+05 6.143e-01 0.000e+00 1.138e-02 1.063e+00 5.912e-01 4.191e-01
272 5.440e-01 5.460e-01 3.558e+05 6.153e-01 0.000e+00 1.139e-02 1.062e+00 5.899e-01 4.177e-01
273 5.460e-01 5.480e-01 3.433e+05 6.146e-01 0.000e+00 1.140e-02 1.061e+00 5.884e-01 4.162e-01
274 5.480e-01 5.500e-01 3.450e+05 6.141e-01 0.000e+00 1.142e-02 1.059e+00 5.861e-01 4.138e-01
275 5.500e-01 5.520e-01 3.362e+05 6.131e-01 0.000e+00 1.143e-02 1.058e+00 5.832e-01 4.113e-01
276 5.520e-01 5.540e-01 3.324e+05 6.100e-01 0.000e+00 1.146e-02 1.057e+00 5.800e-01 4.088e-01
277 5.540e-01 5.560e-01 3.266e+05 6.100e-01 0.000e+00 1.148e-02 1.057e+00 5.757e-01 4.057e-01
278 5.560e-01 5.580e-01 2.996e+05 6.098e-01 0.000e+00 1.152e-02 1.063e+00 5.704e-01 4.042e-01
279 5.580e-01 5.600e-01 3.409e+05 6.110e-01 0.000e+00 1.156e-02 1.075e+00 5.638e-01 4.041e-01
280 5.600e-01 5.620e-01 3.243e+05 6.122e-01 0.000e+00 1.161e-02 1.089e+00 5.569e-01 4.042e-01
281 5.620e-01 5.640e-01 3.220e+05 6.142e-01 0.000e+00 1.167e-02 1.108e+00 5.492e-01 4.056e-01
282 5.640e-01 5.660e-01 2.679e+05 6.140e-01 0.000e+00 1.174e-02 1.129e+00 5.397e-01 4.062e-01
283 5.660e-01 5.680e-01 2.455e+05 6.156e-01 0.000e+00 1.182e-02 1.150e+00 5.292e-01 4.054e-01
284 5.680e-01 5.700e-01 2.936e+05 6.156e-01 0.000e+00 1.190e-02 1.165e+00 5.188e-01 4.028e-01
285 5.700e-01 5.720e-01 3.059e+05 6.165e-01 0.000e+00 1.200e-02 1.181e+00 5.061e-01 3.983e-01
286 5.720e-01 5.740e-01 2.928e+05 6.167e-01 0.000e+00 1.211e-02 1.182e+00 4.931e-01 3.882e-01
287 5.740e-01 5.760e-01 2.702e+05 6.152e-01 0.000e+00 1.223e-02 1.215e+00 4.801e-01 3.887e-01
288 5.760e-01 5.780e-01 2.052e+05 6.105e-01 0.000e+00 1.236e-02 1.283e+00 4.652e-01 3.975e-01
289 5.780e-01 5.800e-01 1.981e+05 6.121e-01 0.000e+00 1.249e-02 1.406e+00 4.514e-01 4.229e-01
290 5.800e-01 5.820e-01 2.100e+05 6.101e-01 0.000e+00 1.262e-02 1.536e+00 4.389e-01 4.493e-01
291 5.820e-01 5.840e-01 2.210e+05 6.065e-01 0.000e+00 1.272e-02 1.621e+00 4.289e-01 4.633e-01
292 5.840e-01 5.860e-01 2.220e+05 6.063e-01 0.000e+00 1.281e-02 1.658e+00 4.203e-01 4.645e-01
293 5.860e-01 5.880e-01 2.137e+05 6.087e-01 0.000e+00 1.288e-02 1.663e+00 4.137e-01 4.587e-01
294 5.880e-01 5.900e-01 1.939e+05 6.131e-01 0.000e+00 1.293e-02 1.649e+00 4.083e-01 4.487e-01
295 5.900e-01 5.920e-01 1.841e+05 6.116e-01 0.000e+00 1.297e-02 1.630e+00 4.047e-01 4.396e-01
296 5.920e-01 5.940e-01 1.895e+05 6.127e-01 0.000e+00 1.301e-02 1.614e+00 4.017e-01 4.321e-01
297 5.940e-01 5.960e-01 1.972e+05 6.118e-01 0.000e+00 1.302e-02 1.604e+00 4.004e-01 4.280e-01
298 5.960e-01 5.980e-01 1.965e+05 6.157e-01 0.000e+00 1.303e-02 1.594e+00 3.992e-01 4.244e-01
299 5.980e-01 6.000e-01 1.745e+05 6.165e-01 0.000e+00 1.304e-02 1.586e+00 3.986e-01 4.216e-01
300 6.000e-01 6.020e-01 2.015e+05 6.120e-01 0.000e+00 1.304e-02 1.582e+00 3.986e-01 4.204e-01
301 6.020e-01 6.040e-01 2.031e+05 6.111e-01 0.000e+00 1.304e-02 1.578e+00 3.986e-01 4.193e-01
302 6.040e-01 6.060e-01 1.948e+05 6.145e-01 0.000e+00 1.304e-02 1.576e+00 3.990e-01 4.191e-01
303 6.060e-01 6.080e-01 1.544e+05 6.113e-01 0.000e+00 1.304e-02 1.572e+00 3.989e-01 4.180e-01
304 6.080e-01 6.100e-01 1.802e+05 6.103e-01 0.000e+00 1.304e-02 1.569e+00 3.990e-01 4.174e-01
305 6.100e-01 6.120e-01 2.069e+05 6.099e-01 0.000e+00 1.303e-02 1.566e+00 3.991e-01 4.167e-01
306 6.120e-01 6.140e-01 1.954e+05 6.102e-01 0.000e+00 1.303e-02 1.564e+00 3.992e-01 4.162e-01
307 6.140e-01 6.160e-01 1.504e+05 6.110e-01 0.000e+00 1.303e-02 1.562e+00 3.993e-01 4.159e-01
308 6.160e-01 6.180e-01 1.750e+05 6.093e-01 0.000e+00 1.303e-02 1.560e+00 3.994e-01 4.153e-01
309 6.180e-01 6.200e-01 2.138e+05 6.107e-01 0.000e+00 1.303e-02 1.558e+00 3.996e-01 4.152e-01
310 6.200e-01 6.220e-01 1.827e+05 6.104e-01 0.000e+00 1.303e-02 1.557e+00 3.998e-01 4.151e-01
311 6.220e-01 6.240e-01 1.575e+05 6.092e-01 0.000e+00 1.302e-02 1.556e+00 4.001e-01 4.149e-01
312 6.240e-01 6.260e-01 1.597e+05 6.095e-01 0.000e+00 1.302e-02 1.555e+00 4.003e-01 4.150e-01
313 6.260e-01 6.280e-01 1.932e+05 6.099e-01 0.000e+00 1.302e-02 1.554e+00 4.004e-01 4.148e-01
314 6.280e-01 6.300e-01 1.915e+05 6.068e-01 0.000e+00 1.302e-02 1.553e+00 4.005e-01 4.146e-01
315 6.300e-01 6.320e-01 1.562e+05 6.084e-01 0.000e+00 1.302e-02 1.552e+00 4.006e-01 4.145e-01
316 6.320e-01 6.340e-01 1.573e+05 6.067e-01 0.000e+00 1.301e-02 1.551e+00 4.010e-01 4.147e-01
317 6.340e-01 6.360e-01 1.816e+05 6.073e-01 0.000e+00 1.301e-02 1.551e+00 4.009e-01 4.145e-01
318 6.360e-01 6.380e-01 1.872e+05 6.069e-01 0.000e+00 1.302e-02 1.549e+00 4.008e-01 4.139e-01
319 6.380e-01 6.400e-01 1.585e+05 6.089e-01 0.000e+00 1.302e-02 1.549e+00 4.008e-01 4.138e-01
320 6.400e-01 6.420e-01 1.534e+05 6.088e-01 0.000e+00 1.301e-02 1.548e+00 4.009e-01 4.137e-01
321 6.420e-01 6.440e-01 1.760e+05 6.073e-01 0.000e+00 1.302e-02 1.546e+00 4.006e-01 4.129e-01
322 6.440e-01 6.460e-01 1.785e+05 6.065e-01 0.000e+00 1.302e-02 1.544e+00 4.001e-01 4.119e-01
323 6.460e-01 6.480e-01 1.653e+05 6.053e-01 0.000e+00 1.303e-02 1.543e+00 3.999e-01 4.112e-01
324 6.480e-01 6.500e-01 1.537e+05 6.043e-01 0.000e+00 1.303e-02 1.541e+00 3.995e-01 4.103e-01
325 6.500e-01 6.520e-01 1.607e+05 6.025e-01 0.000e+00 1.304e-02 1.538e+00 3.988e-01 4.089e-01
326 6.520e-01 6.540e-01 1.627e+05 6.012e-01 0.000e+00 1.305e-02 1.535e+00 3.976e-01 4.069e-01
327 6.540e-01 6.560e-01 1.731e+05 5.980e-01 0.000e+00 1.306e-02 1.532e+00 3.965e-01 4.048e-01
328 6.560e-01 6.580e-01 1.440e+05 5.952e-01 0.000e+00 1.308e-02 1.527e+00 3.952e-01 4.023e-01
329 6.580e-01 6.600e-01 1.515e+05 5.910e-01 0.000e+00 1.310e-02 1.522e+00 3.935e-01 3.992e-01
330 6.600e-01 6.620e-01 1.651e+05 5.874e-01 0.000e+00 1.312e-02 1.515e+00 3.913e-01 3.953e-01
331 6.620e-01 6.640e-01 1.593e+05 5.809e-01 0.000e+00 1.314e-02 1.509e+00 3.892e-01 3.917e-01
332 6.640e-01 6.660e-01 1.478e+05 5.754e-01 0.000e+00 1.317e-02 1.502e+00 3.866e-01 3.872e-01
333 6.660e-01 6.680e-01 1.331e+05 5.686e-01 0.000e+00 1.321e-02 1.493e+00 3.837e-01 3.821e-01
334 6.680e-01 6.700e-01 1.550e+05 5.605e-01 0.000e+00 1.324e-02 1.484e+00 3.805e-01 3.765e-01
335 6.700e-01 6.720e-01 1.621e+05 5.503e-01 0.000e+00 1.329e-02 1.473e+00 3.767e-01 3.699e-01
336 6.720e-01 6.740e-01 1.406e+05 5.400e-01 0.000e+00 1.333e-02 1.463e+00 3.731e-01 3.639e-01
337 6.740e-01 6.760e-01 1.192e+05 5.296e-01 0.000e+00 1.338e-02 1.451e+00 3.691e-01 3.572e-01
338 6.760e-01 6.780e-01 1.357e+05 5.158e-01 0.000e+00 1.343e-02 1.437e+00 3.645e-01 3.493e-01
339 6.780e-01 6.800e-01 1.505e+05 5.027e-01 0.000e+00 1.349e-02 1.424e+00 3.599e-01 3.417e-01
340 6.800e-01 6.820e-01 1.451e+05 4.860e-01 0.000e+00 1.355e-02 1.409e+00 3.551e-01 3.336e-01
341 6.820e-01 6.840e-01 1.178e+05 4.695e-01 0.000e+00 1.362e-02 1.394e+00 3.500e-01 3.254e-01
342 6.840e-01 6.860e-01 1.140e+05 4.519e-01 0.000e+00 1.369e-02 1.378e+00 3.446e-01 3.167e-01
343 6.860e-01 6.880e-01 1.254e+05 4.338e-01 0.000e+00 1.376e-02 1.362e+00 3.395e-01 3.084e-01
344 6.880e-01 6.900e-01 1.346e+05 4.150e-01 0.000e+00 1.382e-02 1.347e+00 3.345e-01 3.003e-01
345 6.900e-01 6.920e-01 1.156e+05 3.941e-01 0.000e+00 1.390e-02 1.330e+00 3.289e-01 2.917e-01
346 6.920e-01 6.940e-01 1.122e+05 3.743e-01 0.000e+00 1.397e-02 1.314e+00 3.239e-01 2.838e-01
347 6.940e-01 6.960e-01 1.024e+05 3.525e-01 0.000e+00 1.405e-02 1.298e+00 3.186e-01 2.756e-01
348 6.960e-01 6.980e-01 1.144e+05 3.314e-01 0.000e+00 1.413e-02 1.281e+00 3.133e-01 2.676e-01
349 6.980e-01 7.000e-01 1.268e+05 3.099e-01 0.000e+00 1.420e-02 1.265e+00 3.084e-01 2.601e-01
350 7.000e-01 7.020e-01 1.041e+05 2.873e-01 0.000e+00 1.428e-02 1.250e+00 3.036e-01 2.530e-01
351 7.020e-01 7.040e-01 9.790e+04 2.673e-01 0.000e+00 1.434e-02 1.236e+00 2.994e-01 2.467e-01
352 7.040e-01 7.060e-01 9.521e+04 2.463e-01 0.000e+00 1.442e-02 1.222e+00 2.947e-01 2.401e-01
353 7.060e-01 7.080e-01 9.552e+04 2.265e-01 0.000e+00 1.449e-02 1.209e+00 2.906e-01 2.342e-01
354 7.080e-01 7.100e-01 1.043e+05 2.072e-01 0.000e+00 1.455e-02 1.196e+00 2.868e-01 2.287e-01
355 7.100e-01 7.120e-01 1.083e+05 1.891e-01 0.000e+00 1.461e-02 1.185e+00 2.833e-01 2.238e-01
356 7.120e-01 7.140e-01 8.766e+04 1.712e-01 0.000e+00 1.467e-02 1.174e+00 2.798e-01 2.190e-01
357 7.140e-01 7.160e-01 9.423e+04 1.547e-01 0.000e+00 1.472e-02 1.164e+00 2.768e-01 2.148e-01
358 7.160e-01 7.180e-01 8.132e+04 1.388e-01 0.000e+00 1.478e-02 1.154e+00 2.739e-01 2.108e-01
359 7.180e-01 7.200e-01 8.620e+04 1.246e-01 0.000e+00 1.482e-02 1.146e+00 2.713e-01 2.073e-01
360 7.200e-01 7.220e-01 9.675e+04 1.112e-01 0.000e+00 1.487e-02 1.139e+00 2.689e-01 2.041e-01
361 7.220e-01 7.240e-01 9.175e+04 9.861e-02 0.000e+00 1.491e-02 1.132e+00 2.667e-01 2.012e-01
362 7.240e-01 7.260e-01 8.761e+04 8.689e-02 0.000e+00 1.495e-02 1.126e+00 2.647e-01 1.986e-01
363 7.260e-01 7.280e-01 8.632e+04 7.599e-02 0.000e+00 1.498e-02 1.120e+00 2.631e-01 1.964e-01
364 7.280e-01 7.300e-01 8.306e+04 6.637e-02 0.000e+00 1.501e-02 1.115e+00 2.615e-01 1.944e-01
365 7.300e-01 7.320e-01 7.267e+04 5.770e-02 0.000e+00 1.504e-02 1.111e+00 2.600e-01 1.925e-01
366 7.320e-01 7.340e-01 7.899e+04 4.976e-02 0.000e+00 1.506e-02 1.107e+00 2.588e-01 1.910e-01
367 7.340e-01 7.360e-01 9.506e+04 4.238e-02 0.000e+00 1.508e-02 1.104e+00 2.578e-01 1.897e-01
368 7.360e-01 7.380e-01 8.126e+04 3.509e-02 0.000e+00 1.510e-02 1.101e+00 2.569e-01 1.886e-01
369 7.380e-01 7.400e-01 8.432e+04 2.881e-02 0.000e+00 1.511e-02 1.099e+00 2.562e-01 1.877e-01
370 7.400e-01 7.420e-01 8.077e+04 2.299e-02 0.000e+00 1.512e-02 1.097e+00 2.556e-01 1.869e-01
371 7.420e-01 7.440e-01 6.573e+04 1.762e-02 0.000e+00 1.513e-02 1.096e+00 2.552e-01 1.864e-01
372 7.440e-01 7.460e-01 8.488e+04 1.215e-02 0.000e+00 1.514e-02 1.094e+00 2.547e-01 1.858e-01
373 7.460e-01 7.480e-01 8.176e+04 7.271e-03 0.000e+00 1.514e-02 1.094e+00 2.545e-01 1.855e-01
374 7.480e-01 7.500e-01 7.300e+04 2.329e-03 0.000e+00 1.515e-02 1.093e+00 2.544e-01 1.854e-01
375 7.500e-01 7.520e-01 8.014e+04 -2.617e-03 0.000e+00 1.515e-02 1.093e+00 2.543e-01 1.854e-01
376 7.520e-01 7.540e-01 8.383e+04 -7.302e-03 0.000e+00 1.514e-02 1.094e+00 2.545e-01 1.855e-01
377 7.540e-01 7.560e-01 7.334e+04 -1.228e-02 0.000e+00 1.514e-02 1.094e+00 2.547e-01 1.859e-01
378 7.560e-01 7.580e-01 7.110e+04 -1.768e-02 0.000e+00 1.513e-02 1.096e+00 2.551e-01 1.863e-01
379 7.580e-01 7.600e-01 7.441e+04 -2.334e-02 0.000e+00 1.512e-02 1.097e+00 2.555e-01 1.869e-01
380 7.600e-01 7.620e-01 8.318e+04 -2.917e-02 0.000e+00 1.511e-02 1.099e+00 2.562e-01 1.877e-01
381 7.620e-01 7.640e-01 7.217e+04 -3.553e-02 0.000e+00 1.509e-02 1.101e+00 2.570e-01 1.887e-01
382 7.640e-01 7.660e-01 8.304e+04 -4.247e-02 0.000e+00 1.508e-02 1.104e+00 2.579e-01 1.898e-01
383 7.660e-01 7.680e-01 7.539e+04 -4.998e-02 0.000e+00 1.506e-02 1.107e+00 2.589e-01 1.911e-01
384 7.680e-01 7.700e-01 7.428e+04 -5.798e-02 0.000e+00 1.503e-02 1.111e+00 2.601e-01 1.926e-01
385 7.700e-01 7.720e-01 6.747e+04 -6.705e-02 0.000e+00 1.501e-02 1.115e+00 2.615e-01 1.945e-01
386 7.720e-01 7.740e-01 7.422e+04 -7.699e-02 0.000e+00 1.497e-02 1.120e+00 2.632e-01 1.966e-01
387 7.740e-01 7.760e-01 7.773e+04 -8.725e-02 0.000e+00 1.494e-02 1.126e+00 2.648e-01 1.987e-01
388 7.760e-01 7.780e-01 8.330e+04 -9.919e-02 0.000e+00 1.491e-02 1.132e+00 2.667e-01 2.012e-01
389 7.780e-01 7.800e-01 7.833e+04 -1.115e-01 0.000e+00 1.487e-02 1.139e+00 2.688e-01 2.041e-01
390 7.800e-01 7.820e-01 7.306e+04 -1.251e-01 0.000e+00 1.482e-02 1.147e+00 2.714e-01 2.075e-01
391 7.820e-01 7.840e-01 7.061e+04 -1.398e-01 0.000e+00 1.478e-02 1.155e+00 2.740e-01 2.110e-01
392 7.840e-01 7.860e-01 7.576e+04 -1.555e-01 0.000e+00 1.472e-02 1.164e+00 2.769e-01 2.150e-01
393 7.860e-01 7.880e-01 7.675e+04 -1.716e-01 0.000e+00 1.467e-02 1.174e+00 2.799e-01 2.191e-01
394 7.880e-01 7.900e-01 8.624e+04 -1.897e-01 0.000e+00 1.461e-02 1.185e+00 2.835e-01 2.240e-01
395 7.900e-01 7.920e-01 8.309e+04 -2.088e-01 0.000e+00 1.455e-02 1.197e+00 2.871e-01 2.291e-01
396 7.920e-01 7.940e-01 7.863e+04 -2.276e-01 0.000e+00 1.449e-02 1.209e+00 2.907e-01 2.343e-01
397 7.940e-01 7.960e-01 6.648e+04 -2.468e-01 0.000e+00 1.442e-02 1.222e+00 2.948e-01 2.402e-01
398 7.960e-01 7.980e-01 8.285e+04 -2.678e-01 0.000e+00 1.434e-02 1.236e+00 2.994e-01 2.468e-01
399 7.980e-01 8.000e-01 8.410e+04 -2.884e-01 0.000e+00 1.427e-02 1.250e+00 3.039e-01 2.533e-01
400 8.000e-01 8.020e-01 8.765e+04 -3.107e-01 0.000e+00 1.420e-02 1.266e+00 3.085e-01 2.604e-01
401 8.020e-01 8.040e-01 9.149e+04 -3.315e-01 0.000e+00 1.413e-02 1.281e+00 3.135e-01 2.678e-01
402 8.040e-01 8.060e-01 7.597e+04 -3.527e-01 0.000e+00 1.405e-02 1.298e+00 3.187e-01 2.757e-01
403 8.060e-01 8.080e-01 7.853e+04 -3.744e-01 0.000e+00 1.397e-02 1.314e+00 3.240e-01 2.839e-01
404 8.080e-01 8.100e-01 9.079e+04 -3.942e-01 0.000e+00 1.390e-02 1.331e+00 3.292e-01 2.920e-01
405 8.100e-01 8.120e-01 8.873e+04 -4.156e-01 0.000e+00 1.383e-02 1.347e+00 3.344e-01 3.003e-01
406 8.120e-01 8.140e-01 9.824e+04 -4.342e-01 0.000e+00 1.375e-02 1.363e+00 3.396e-01 3.086e-01
407 8.140e-01 8.160e-01 8.306e+04 -4.520e-01 0.000e+00 1.368e-02 1.379e+00 3.449e-01 3.171e-01
408 8.160e-01 8.180e-01 8.361e+04 -4.713e-01 0.000e+00 1.361e-02 1.396e+00 3.505e-01 3.261e-01
409 8.180e-01 8.200e-01 9.080e+04 -4.865e-01 0.000e+00 1.355e-02 1.410e+00 3.551e-01 3.337e-01
410 8.200e-01 8.220e-01 1.042e+05 -5.026e-01 0.000e+00 1.349e-02 1.424e+00 3.600e-01 3.419e-01
411 8.220e-01 8.240e-01 9.587e+04 -5.165e-01 0.000e+00 1.343e-02 1.438e+00 3.646e-01 3.496e-01
412 8.240e-01 8.260e-01 8.200e+04 -5.295e-01 0.000e+00 1.338e-02 1.452e+00 3.692e-01 3.572e-01
413 8.260e-01 8.280e-01 9.091e+04 -5.403e-01 0.000e+00 1.333e-02 1.464e+00 3.733e-01 3.643e-01
414 8.280e-01 8.300e-01 1.053e+05 -5.513e-01 0.000e+00 1.328e-02 1.474e+00 3.770e-01 3.706e-01
415 8.300e-01 8.320e-01 9.588e+04 -5.604e-01 0.000e+00 1.324e-02 1.485e+00 3.805e-01 3.766e-01
416 8.320e-01 8.340e-01 8.441e+04 -5.674e-01 0.000e+00 1.321e-02 1.493e+00 3.835e-01 3.819e-01
417 8.340e-01 8.360e-01 9.405e+04 -5.754e-01 0.000e+00 1.317e-02 1.502e+00 3.865e-01 3.870e-01
418 8.360e-01 8.380e-01 1.048e+05 -5.817e-01 0.000e+00 1.314e-02 1.509e+00 3.891e-01 3.914e-01
419 8.380e-01 8.400e-01 1.052e+05 -5.873e-01 0.000e+00 1.312e-02 1.516e+00 3.913e-01 3.954e-01
420 8.400e-01 8.420e-01 8.881e+04 -5.909e-01 0.000e+00 1.310e-02 1.522e+00 3.935e-01 3.993e-01
421 8.420e-01 8.440e-01 8.600e+04 -5.956e-01 0.000e+00 1.308e-02 1.527e+00 3.953e-01 4.025e-01
422 8.440e-01 8.460e-01 1.007e+05 -5.969e-01 0.000e+00 1.306e-02 1.530e+00 3.963e-01 4.043e-01
423 8.460e-01 8.480e-01 1.071e+05 -6.010e-01 0.000e+00 1.305e-02 1.534e+00 3.975e-01 4.067e-01
424 8.480e-01 8.500e-01 9.215e+04 -6.039e-01 0.000e+00 1.304e-02 1.538e+00 3.986e-01 4.086e-01
425 8.500e-01 8.520e-01 7.882e+04 -6.041e-01 0.000e+00 1.303e-02 1.540e+00 3.993e-01 4.100e-01
426 8.520e-01 8.540e-01 1.032e+05 -6.055e-01 0.000e+00 1.303e-02 1.543e+00 3.998e-01 4.112e-01
427 8.540e-01 8.560e-01 1.016e+05 -6.058e-01 0.000e+00 1.302e-02 1.543e+00 4.001e-01 4.117e-01
428 8.560e-01 8.580e-01 9.333e+04 -6.082e-01 0.000e+00 1.302e-02 1.546e+00 4.006e-01 4.127e-01
429 8.580e-01 8.600e-01 8.570e+04 -6.089e-01 0.000e+00 1.302e-02 1.548e+00 4.008e-01 4.135e-01
430 8.600e-01 8.620e-01 9.332e+04 -6.080e-01 0.000e+00 1.302e-02 1.548e+00 4.008e-01 4.137e-01
431 8.620e-01 8.640e-01 9.716e+04 -6.071e-01 0.000e+00 1.302e-02 1.549e+00 4.008e-01 4.139e-01
432 8.640e-01 8.660e-01 9.870e+04 -6.076e-01 0.000e+00 1.302e-02 1.550e+00 4.008e-01 4.143e-01
433 8.660e-01 8.680e-01 8.469e+04 -6.077e-01 0.000e+00 1.302e-02 1.552e+00 4.008e-01 4.146e-01
434 8.680e-01 8.700e-01 8.936e+04 -6.083e-01 0.000e+00 1.302e-02 1.553e+00 4.008e-01 4.149e-01
435 8.700e-01 8.720e-01 9.203e+04 -6.085e-01 0.000e+00 1.302e-02 1.553e+00 4.006e-01 4.149e-01
436 8.720e-01 8.740e-01 9.996e+04 -6.070e-01 0.000e+00 1.302e-02 1.555e+00 4.003e-01 4.149e-01
437 8.740e-01 8.760e-01 8.758e+04 -6.104e-01 0.000e+00 1.302e-02 1.555e+00 4.002e-01 4.149e-01
438 8.760e-01 8.780e-01 7.725e+04 -6.092e-01 0.000e+00 1.302e-02 1.557e+00 4.003e-01 4.156e-01
439 8.780e-01 8.800e-01 9.091e+04 -6.102e-01 0.000e+00 1.302e-02 1.558e+00 4.000e-01 4.154e-01
440 8.800e-01 8.820e-01 9.651e+04 -6.114e-01 0.000e+00 1.303e-02 1.559e+00 3.997e-01 4.154e-01
441 8.820e-01 8.840e-01 9.281e+04 -6.087e-01 0.000e+00 1.303e-02 1.560e+00 3.994e-01 4.154e-01
442 8.840e-01 8.860e-01 7.640e+04 -6.102e-01 0.000e+00 1.303e-02 1.562e+00 3.994e-01 4.159e-01
443 8.860e-01 8.880e-01 8.955e+04 -6.103e-01 0.000e+00 1.303e-02 1.564e+00 3.992e-01 4.163e-01
444 8.880e-01 8.900e-01 9.263e+04 -6.102e-01 0.000e+00 1.303e-02 1.566e+00 3.991e-01 4.168e-01
445 8.900e-01 8.920e-01 8.848e+04 -6.096e-01 0.000e+00 1.304e-02 1.569e+00 3.989e-01 4.174e-01
446 8.920e-01 8.940e-01 7.903e+04 -6.137e-01 0.000e+00 1.304e-02 1.572e+00 3.990e-01 4.181e-01
447 8.940e-01 8.960e-01 7.391e+04 -6.126e-01 0.000e+00 1.304e-02 1.576e+00 3.988e-01 4.190e-01
448 8.960e-01 8.980e-01 1.039e+05 -6.123e-01 0.000e+00 1.304e-02 1.578e+00 3.987e-01 4.195e-01
449 8.980e-01 9.000e-01 8.586e+04 -6.133e-01 0.000e+00 1.304e-02 1.582e+00 3.986e-01 4.203e-01
450 9.000e-01 9.020e-01 7.816e+04 -6.132e-01 0.000e+00 1.304e-02 1.587e+00 3.989e-01 4.220e-01
451 9.020e-01 9.040e-01 8.250e+04 -6.147e-01 0.000e+00 1.303e-02 1.595e+00 3.994e-01 4.246e-01
452 9.040e-01 9.060e-01 8.861e+04 -6.135e-01 0.000e+00 1.302e-02 1.603e+00 4.003e-01 4.279e-01
453 9.060e-01 9.080e-01 7.997e+04 -6.126e-01 0.000e+00 1.300e-02 1.615e+00 4.021e-01 4.330e-01
454 9.080e-01 9.100e-01 8.193e+04 -6.127e-01 0.000e+00 1.297e-02 1.630e+00 4.049e-01 4.401e-01
455 9.100e-01 9.120e-01 7.364e+04 -6.119e-01 0.000e+00 1.293e-02 1.650e+00 4.088e-01 4.497e-01
456 9.120e-01 9.140e-01 9.267e+04 -6.086e-01 0.000e+00 1.287e-02 1.665e+00 4.140e-01 4.597e-01
457 9.140e-01 9.160e-01 9.125e+04 -6.074e-01 0.000e+00 1.280e-02 1.656e+00 4.209e-01 4.645e-01
458 9.160e-01 9.180e-01 8.656e+04 -6.074e-01 0.000e+00 1.271e-02 1.621e+00 4.292e-01 4.636e-01
459 9.180e-01 9.200e-01 8.216e+04 -6.095e-01 0.000e+00 1.261e-02 1.529e+00 4.397e-01 4.482e-01
460 9.200e-01 9.220e-01 8.381e+04 -6.111e-01 0.000e+00 1.249e-02 1.409e+00 4.519e-01 4.242e-01
461 9.220e-01 9.240e-01 8.195e+04 -6.129e-01 0.000e+00 1.235e-02 1.270e+00 4.670e-01 3.951e-01
462 9.240e-01 9.260e-01 1.004e+05 -6.126e-01 0.000e+00 1.222e-02 1.207e+00 4.806e-01 3.865e-01
463 9.260e-01 9.280e-01 1.175e+05 -6.180e-01 0.000e+00 1.210e-02 1.186e+00 4.944e-01 3.907e-01
464 9.280e-01 9.300e-01 1.119e+05 -6.167e-01 0.000e+00 1.199e-02 1.165e+00 5.077e-01 3.941e-01
465 9.300e-01 9.320e-01 1.021e+05 -6.167e-01 0.000e+00 1.190e-02 1.164e+00 5.194e-01 4.030e-01
466 9.320e-01 9.340e-01 1.029e+05 -6.130e-01 0.000e+00 1.180e-02 1.146e+00 5.311e-01 4.057e-01
467 9.340e-01 9.360e-01 9.540e+04 -6.131e-01 0.000e+00 1.173e-02 1.131e+00 5.402e-01 4.072e-01
468 9.360e-01 9.380e-01 1.148e+05 -6.144e-01 0.000e+00 1.167e-02 1.104e+00 5.495e-01 4.042e-01
469 9.380e-01 9.400e-01 1.172e+05 -6.140e-01 0.000e+00 1.161e-02 1.088e+00 5.578e-01 4.047e-01
470 9.400e-01 9.420e-01 1.169e+05 -6.093e-01 0.000e+00 1.156e-02 1.076e+00 5.642e-01 4.046e-01
471 9.420e-01 9.440e-01 1.017e+05 -6.092e-01 0.000e+00 1.152e-02 1.064e+00 5.705e-01 4.048e-01
472 9.440e-01 9.460e-01 1.224e+05 -6.107e-01 0.000e+00 1.148e-02 1.057e+00 5.760e-01 4.061e-01
473 9.460e-01 9.480e-01 1.141e+05 -6.113e-01 0.000e+00 1.145e-02 1.057e+00 5.804e-01 4.090e-01
474 9.480e-01 9.500e-01 1.077e+05 -6.126e-01 0.000e+00 1.143e-02 1.058e+00 5.832e-01 4.113e-01
475 9.500e-01 9.520e-01 1.117e+05 -6.158e-01 0.000e+00 1.141e-02 1.060e+00 5.867e-01 4.145e-01
476 9.520e-01 9.540e-01 1.164e+05 -6.153e-01 0.000e+00 1.140e-02 1.061e+00 5.885e-01 4.163e-01
477 9.540e-01 9.560e-01 1.191e+05 -6.137e-01 0.000e+00 1.139e-02 1.062e+00 5.902e-01 4.180e-01
478 9.560e-01 9.580e-01 1.128e+05 -6.139e-01 0.000e+00 1.138e-02 1.064e+00 5.913e-01 4.193e-01
479 9.580e-01 9.600e-01 1.101e+05 -6.141e-01 0.000e+00 1.138e-02 1.064e+00 5.918e-01 4.198e-01
480 9.600e-01 9.620e-01 1.112e+05 -6.123e-01 0.000e+00 1.137e-02 1.064e+00 5.926e-01 4.205e-01
481 9.620e-01 9.640e-01 1.105e+05 -6.121e-01 0.000e+00 1.137e-02 1.064e+00 5.929e-01 4.207e-01
482 9.640e-01 9.660e-01 1.174e+05 -6.125e-01 0.000e+00 1.137e-02 1.064e+00 5.928e-01 4.205e-01
483 9.660e-01 9.680e-01 1.046e+05 -6.110e-01 0.000e+00 1.137e-02 1.064e+00 5.930e-01 4.207e-01
484 9.680e-01 9.700e-01 1.096e+05 -6.106e-01 0.000e+00 1.137e-02 1.065e+00 5.934e-01 4.211e-01
485 9.700e-01 9.720e-01 1.121e+05 -6.105e-01 0.000e+00 1.137e-02 1.065e+00 5.936e-01 4.214e-01
486 9.720e-01 9.740e-01 1.076e+05 -6.148e-01 0.000e+00 1.137e-02 1.065e+00 5.938e-01 4.217e-01
487 9.740e-01 9.760e-01 1.181e+05 -6.142e-01 0.000e+00 1.136e-02 1.065e+00 5.941e-01 4.219e-01
488 9.760e-01 9.780e-01 1.049e+05 -6.148e-01 0.000e+00 1.136e-02 1.066e+00 5.947e-01 4.224e-01
489 9.780e-01 9.800e-01 9.698e+04 -6.117e-01 0.000e+00 1.136e-02 1.066e+00 5.946e-01 4.224e-01
490 9.800e-01 9.820e-01 1.116e+05 -6.144e-01 0.000e+00 1.136e-02 1.065e+00 5.944e-01 4.222e-01
491 9.820e-01 9.840e-01 1.188e+05 -6.112e-01 0.000e+00 1.136e-02 1.065e+00 5.942e-01 4.219e-01
492 9.840e-01 9.860e-01 1.085e+05 -6.119e-01 0.000e+00 1.136e-02 1.066e+00 5.946e-01 4.224e-01
493 9.860e-01 9.880e-01 9.890e+04 -6.125e-01 0.000e+00 1.136e-02 1.065e+00 5.942e-01 4.218e-01
494 9.880e-01 9.900e-01 9.958e+04 -6.129e-01 0.000e+00 1.136e-02 1.065e+00 5.943e-01 4.220e-01
495 9.900e-01 9.920e-01 1.087e+05 -6.130e-01 0.000e+00 1.136e-02 1.065e+00 5.945e-01 4.222e-01
496 9.920e-01 9.940e-01 1.065e+05 -6.137e-01 0.000e+00 1.136e-02 1.065e+00 5.945e-01 4.221e-01
497 9.940e-01 9.960e-01 1.104e+05 -6.120e-01 0.000e+00 1.136e-02 1.065e+00 5.947e-01 4.223e-01
498 9.960e-01 9.980e-01 1.046e+05 -6.110e-01 0.000e+00 1.136e-02 1.065e+00 5.947e-01 4.224e-01
499 9.980e-01 1.000e+00 1.012e+05 -6.112e-01 0.000e+00 1.136e-02 1.065e+00 5.946e-01 4.221e-01
