# Number of cores: 6
# Iteration | Time | TimeStep | NumPartUpdates | ElapsedTicks (cycle.h)
1 0 0 302137 4.96219e+10
2 1e-08 1e-08 302137 4.56983e+10
3 2e-08 1e-08 302136 4.67071e+10
4 3e-08 1e-08 302137 4.75594e+10
5 4e-08 1e-08 302136 4.76418e+10
6 5e-08 1e-08 302135 4.53619e+10
7 6e-08 1e-08 302135 4.58541e+10
8 7e-08 1e-08 302134 4.70621e+10
9 8e-08 1e-08 302134 4.65289e+10
10 9e-08 1e-08 302135 4.68613e+10
11 1e-07 1e-08 302136 4.68624e+10
12 1.1e-07 1e-08 302136 4.7033e+10
13 1.2e-07 1e-08 302136 4.59732e+10
14 1.3e-07 1e-08 302136 4.65647e+10
15 1.4e-07 1e-08 302136 4.80509e+10
16 1.5e-07 1e-08 302136 4.77631e+10
17 1.6e-07 1e-08 302135 4.71936e+10
18 1.7e-07 1e-08 302135 4.72235e+10
19 1.8e-07 1e-08 302135 4.60729e+10
20 1.9e-07 1e-08 302135 4.77964e+10
21 2e-07 1e-08 302136 4.60601e+10
22 2.1e-07 1e-08 302137 4.60312e+10
23 2.2e-07 1e-08 302137 4.56379e+10
24 2.3e-07 1e-08 302137 4.80227e+10
25 2.4e-07 1e-08 302137 4.60907e+10
26 2.5e-07 1e-08 302137 4.64192e+10
27 2.6e-07 1e-08 302135 4.586e+10
28 2.7e-07 1e-08 302134 4.56443e+10
29 2.8e-07 1e-08 302135 4.79384e+10
30 2.9e-07 1e-08 302135 4.58044e+10
31 3e-07 1e-08 302135 4.72698e+10
32 3.1e-07 1e-08 302134 4.76552e+10
33 3.2e-07 1e-08 302134 4.73179e+10
34 3.3e-07 1e-08 302132 4.63257e+10
35 3.4e-07 1e-08 302132 4.69786e+10
36 3.5e-07 1e-08 302132 4.67443e+10
37 3.6e-07 1e-08 302132 4.65631e+10
38 3.7e-07 1e-08 302132 4.77397e+10
39 3.8e-07 1e-08 302134 4.6182e+10
40 3.9e-07 1e-08 302133 4.75298e+10
41 4e-07 1e-08 302132 4.72261e+10
42 4.1e-07 1e-08 302133 4.74072e+10
43 4.2e-07 1e-08 302132 4.67617e+10
44 4.3e-07 1e-08 302133 4.75916e+10
45 4.4e-07 1e-08 302133 4.59777e+10
46 4.5e-07 1e-08 302131 4.67546e+10
47 4.6e-07 1e-08 302131 4.73067e+10
48 4.7e-07 1e-08 302131 4.76557e+10
49 4.8e-07 1e-08 302131 4.58497e+10
50 4.9e-07 1e-08 302131 4.87367e+10
51 5e-07 1e-08 302132 4.70695e+10
52 5.1e-07 1e-08 302132 4.58148e+10
53 5.2e-07 1e-08 302133 4.59918e+10
54 5.3e-07 1e-08 302132 4.73077e+10
55 5.4e-07 1e-08 302132 4.76997e+10
56 5.5e-07 1e-08 302132 4.70338e+10
57 5.6e-07 1e-08 302132 4.62136e+10
58 5.7e-07 1e-08 302132 4.60725e+10
59 5.8e-07 1e-08 302131 4.7175e+10
60 5.9e-07 1e-08 302132 4.60245e+10
61 6e-07 1e-08 302132 4.68975e+10
62 6.1e-07 1e-08 302132 4.86505e+10
63 6.2e-07 1e-08 302132 4.88463e+10
64 6.3e-07 1e-08 302132 4.9214e+10
65 6.4e-07 1e-08 302132 4.78197e+10
66 6.5e-07 1e-08 302131 4.88679e+10
67 6.6e-07 1e-08 302131 4.77433e+10
68 6.7e-07 1e-08 302131 4.84437e+10
69 6.8e-07 1e-08 302130 4.8861e+10
70 6.9e-07 1e-08 302130 4.85343e+10
71 7e-07 1e-08 302130 4.75982e+10
72 7.1e-07 1e-08 302130 4.76899e+10
73 7.2e-07 1e-08 302130 4.89383e+10
74 7.3e-07 1e-08 302130 4.98649e+10
75 7.4e-07 1e-08 302130 4.94736e+10
76 7.5e-07 1e-08 302130 4.91155e+10
77 7.6e-07 1e-08 302131 4.78495e+10
78 7.7e-07 1e-08 302131 5.05074e+10
79 7.8e-07 1e-08 302131 5.02391e+10
80 7.9e-07 1e-08 302132 4.91054e+10
81 8e-07 1e-08 302133 4.99962e+10
82 8.1e-07 1e-08 302132 4.83428e+10
83 8.2e-07 1e-08 302130 4.87282e+10
84 8.3e-07 1e-08 302129 5.0398e+10
85 8.4e-07 1e-08 302129 4.99319e+10
86 8.5e-07 1e-08 302129 4.86149e+10
87 8.6e-07 1e-08 302130 4.88858e+10
88 8.7e-07 1e-08 302130 5.02568e+10
89 8.8e-07 1e-08 302129 4.89147e+10
90 8.9e-07 1e-08 302129 4.95304e+10
91 9e-07 1e-08 302129 5.03665e+10
92 9.1e-07 1e-08 302129 4.95171e+10
93 9.2e-07 1e-08 302129 5.00109e+10
94 9.3e-07 1e-08 302128 5.05803e+10
95 9.4e-07 1e-08 302128 4.93158e+10
96 9.5e-07 1e-08 302128 5.07171e+10
97 9.6e-07 1e-08 302128 4.959e+10
98 9.7e-07 1e-08 302129 5.05094e+10
99 9.8e-07 1e-08 302128 4.96888e+10
100 9.9e-07 1e-08 302128 5.02847e+10
101 1e-06 1e-08 302129 4.91618e+10
102 1.01e-06 1e-08 302129 4.9187e+10
103 1.02e-06 1e-08 302129 5.02806e+10
104 1.03e-06 1e-08 302129 5.02056e+10
105 1.04e-06 1e-08 302128 4.83619e+10
106 1.05e-06 1e-08 302127 5.06234e+10
107 1.06e-06 1e-08 302128 4.958e+10
108 1.07e-06 1e-08 302128 4.90645e+10
109 1.08e-06 1e-08 302128 4.9815e+10
110 1.09e-06 1e-08 302129 4.89653e+10
111 1.1e-06 1e-08 309892 4.9766e+10
112 1.11e-06 1e-08 309892 4.79804e+10
113 1.12e-06 1e-08 309892 4.8465e+10
114 1.13e-06 1e-08 309890 4.8182e+10
115 1.14e-06 1e-08 309890 4.77479e+10
116 1.15e-06 1e-08 309890 4.78739e+10
117 1.16e-06 1e-08 309891 4.87382e+10
118 1.17e-06 1e-08 309892 4.8453e+10
119 1.18e-06 1e-08 309892 4.77416e+10
120 1.19e-06 1e-08 309892 4.96905e+10
121 1.2e-06 1e-08 309892 4.74414e+10
122 1.21e-06 1e-08 309892 4.76577e+10
123 1.22e-06 1e-08 302128 5.06254e+10
124 1.23e-06 1e-08 302128 5.04824e+10
125 1.24e-06 1e-08 302128 5.10987e+10
126 1.25e-06 1e-08 302129 5.10771e+10
127 1.26e-06 1e-08 302129 5.01143e+10
128 1.27e-06 1e-08 309892 4.86607e+10
129 1.28e-06 1e-08 302128 5.22919e+10
130 1.29e-06 1e-08 302127 5.09562e+10
131 1.3e-06 1e-08 309891 4.8468e+10
132 1.31e-06 1e-08 309891 4.78309e+10
133 1.32e-06 1e-08 309892 4.8902e+10
134 1.33e-06 1e-08 309892 4.85126e+10
135 1.34e-06 1e-08 313690 4.7872e+10
136 1.35e-06 1e-08 309892 5.03766e+10
137 1.36e-06 1e-08 313690 4.78001e+10
138 1.37e-06 1e-08 313690 4.89786e+10
139 1.38e-06 1e-08 313689 4.76428e+10
140 1.39e-06 1e-08 313691 4.90308e+10
141 1.4e-06 1e-08 313691 4.84719e+10
142 1.41e-06 1e-08 313691 5.01238e+10
143 1.42e-06 1e-08 313691 4.7313e+10
144 1.43e-06 1e-08 313691 4.84557e+10
145 1.44e-06 1e-08 313691 4.7601e+10
146 1.45e-06 1e-08 309893 4.81988e+10
147 1.46e-06 1e-08 313690 5.06163e+10
148 1.47e-06 1e-08 313690 4.97996e+10
149 1.48e-06 1e-08 313690 4.9717e+10
150 1.49e-06 1e-08 313690 5.04091e+10
151 1.5e-06 1e-08 313690 5.03201e+10
152 1.51e-06 1e-08 313692 5.037e+10
153 1.52e-06 1e-08 313691 4.85728e+10
154 1.53e-06 1e-08 313691 4.89468e+10
155 1.54e-06 1e-08 313690 4.99309e+10
156 1.55e-06 1e-08 309892 4.81968e+10
157 1.56e-06 1e-08 309892 4.73758e+10
158 1.57e-06 1e-08 309892 4.77411e+10
159 1.58e-06 1e-08 309893 4.88587e+10
160 1.59e-06 1e-08 309893 5.02457e+10
161 1.6e-06 1e-08 309893 4.89596e+10
162 1.61e-06 1e-08 309894 4.93286e+10
163 1.62e-06 1e-08 309894 4.74666e+10
164 1.63e-06 1e-08 309896 4.77544e+10
165 1.64e-06 1e-08 309896 5.00224e+10
166 1.65e-06 1e-08 309896 4.80447e+10
167 1.66e-06 1e-08 309896 4.9589e+10
168 1.67e-06 1e-08 316825 4.88962e+10
169 1.68e-06 1e-08 316826 5.09635e+10
170 1.69e-06 1e-08 316827 4.8363e+10
171 1.7e-06 1e-08 316827 5.03288e+10
172 1.71e-06 1e-08 313694 4.93718e+10
173 1.72e-06 1e-08 313694 4.82749e+10
174 1.73e-06 1e-08 302132 5.45567e+10
175 1.74e-06 1e-08 302132 5.27984e+10
176 1.75e-06 1e-08 302133 5.17691e+10
177 1.76e-06 1e-08 302133 5.20319e+10
178 1.77e-06 1e-08 302133 5.22089e+10
179 1.78e-06 1e-08 302133 5.37179e+10
180 1.79e-06 1e-08 302133 5.34281e+10
181 1.8e-06 1e-08 302133 5.21964e+10
182 1.81e-06 1e-08 302133 5.27033e+10
183 1.82e-06 1e-08 302133 5.36386e+10
184 1.83e-06 1e-08 313695 5.00078e+10
185 1.84e-06 1e-08 313695 5.0078e+10
186 1.85e-06 1e-08 313694 4.86175e+10
187 1.86e-06 1e-08 313694 4.97022e+10
188 1.87e-06 1e-08 313694 5.02089e+10
189 1.88e-06 1e-08 313694 4.99629e+10
190 1.89e-06 1e-08 313694 5.10834e+10
191 1.9e-06 1e-08 313693 5.00285e+10
192 1.91e-06 1e-08 313694 5.10081e+10
193 1.92e-06 1e-08 313694 5.04162e+10
194 1.93e-06 1e-08 313693 5.04275e+10
195 1.94e-06 1e-08 313693 4.8446e+10
196 1.95e-06 1e-08 313695 5.05746e+10
197 1.96e-06 1e-08 313697 5.07923e+10
198 1.97e-06 1e-08 313696 5.09323e+10
199 1.98e-06 1e-08 313696 5.06405e+10
200 1.99e-06 1e-08 313696 5.04599e+10
201 2e-06 1e-08 313697 5.10494e+10
202 2.01e-06 1e-08 313697 5.02998e+10
203 2.02e-06 1e-08 313697 5.07075e+10
204 2.03e-06 1e-08 313697 5.18788e+10
205 2.04e-06 1e-08 313698 5.02969e+10
206 2.05e-06 1e-08 313698 4.94936e+10
207 2.06e-06 1e-08 313699 4.90227e+10
208 2.07e-06 1e-08 313699 5.06088e+10
209 2.08e-06 1e-08 313699 5.05973e+10
210 2.09e-06 1e-08 313699 4.85143e+10
211 2.1e-06 1e-08 313699 5.00172e+10
212 2.11e-06 1e-08 313700 4.90019e+10
213 2.12e-06 1e-08 313701 5.00167e+10
214 2.13e-06 1e-08 313701 5.05105e+10
215 2.14e-06 1e-08 313702 5.09903e+10
216 2.15e-06 1e-08 313701 4.98736e+10
217 2.16e-06 1e-08 313700 5.00077e+10
218 2.17e-06 1e-08 313700 4.95517e+10
219 2.18e-06 1e-08 313700 4.91693e+10
220 2.19e-06 1e-08 313700 5.10203e+10
221 2.2e-06 1e-08 313701 4.96273e+10
222 2.21e-06 1e-08 313700 5.08228e+10
223 2.22e-06 1e-08 313700 5.07686e+10
224 2.23e-06 1e-08 313700 5.20563e+10
225 2.24e-06 1e-08 313700 5.00757e+10
226 2.25e-06 1e-08 313700 5.07631e+10
227 2.26e-06 1e-08 313700 5.13992e+10
228 2.27e-06 1e-08 313700 4.96793e+10
229 2.28e-06 1e-08 313700 5.0716e+10
230 2.29e-06 1e-08 313701 5.11507e+10
231 2.3e-06 1e-08 313701 5.19635e+10
232 2.31e-06 1e-08 313701 5.13347e+10
233 2.32e-06 1e-08 313701 5.01326e+10
234 2.33e-06 1e-08 313701 5.16714e+10
235 2.34e-06 1e-08 313701 5.06973e+10
236 2.35e-06 1e-08 313700 4.94993e+10
237 2.36e-06 1e-08 313698 5.03681e+10
238 2.37e-06 1e-08 313699 5.10723e+10
239 2.38e-06 1e-08 313700 5.13734e+10
240 2.39e-06 1e-08 313700 4.97727e+10
241 2.4e-06 1e-08 313699 5.10268e+10
242 2.41e-06 1e-08 313699 5.04188e+10
243 2.42e-06 1e-08 313700 5.04611e+10
244 2.43e-06 1e-08 313699 4.99916e+10
245 2.44e-06 1e-08 316831 5.26125e+10
246 2.45e-06 1e-08 316831 5.05601e+10
247 2.46e-06 1e-08 320400 5.24377e+10
248 2.47e-06 1e-08 320400 5.00069e+10
249 2.48e-06 1e-08 320399 5.17427e+10
250 2.49e-06 1e-08 320398 5.32681e+10
251 2.5e-06 1e-08 320398 5.23023e+10
252 2.51e-06 1e-08 320398 5.21287e+10
253 2.52e-06 1e-08 320398 5.14788e+10
254 2.53e-06 1e-08 320399 5.11103e+10
255 2.54e-06 1e-08 320399 5.21107e+10
256 2.55e-06 1e-08 320399 5.20618e+10
257 2.56e-06 1e-08 320399 5.24441e+10
