# Number of cores: 20
# Iteration | Time | TimeStep | NumPartUpdates | ElapsedTicks (cycle.h)
1 0 0 93289 2.06894e+10
2 1e-08 1e-08 93289 1.67912e+10
3 2e-08 1e-08 93289 1.70677e+10
4 3e-08 1e-08 93289 1.69947e+10
5 4e-08 1e-08 93289 1.71858e+10
6 5e-08 1e-08 93289 1.64812e+10
7 6e-08 1e-08 93289 1.6604e+10
8 7e-08 1e-08 93289 1.70321e+10
9 8e-08 1e-08 93289 1.66028e+10
10 9e-08 1e-08 93289 1.67655e+10
11 1e-07 1e-08 93289 1.66797e+10
12 1.1e-07 1e-08 93289 1.68001e+10
13 1.2e-07 1e-08 93289 1.66857e+10
14 1.3e-07 1e-08 93289 1.66713e+10
15 1.4e-07 1e-08 93289 1.70856e+10
16 1.5e-07 1e-08 93289 1.70158e+10
17 1.6e-07 1e-08 93289 1.68251e+10
18 1.7e-07 1e-08 93289 1.68769e+10
19 1.8e-07 1e-08 93289 1.64159e+10
20 1.9e-07 1e-08 93289 1.68667e+10
21 2e-07 1e-08 93289 1.62652e+10
22 2.1e-07 1e-08 93289 1.63109e+10
23 2.2e-07 1e-08 93289 1.63327e+10
24 2.3e-07 1e-08 93289 1.68737e+10
25 2.4e-07 1e-08 93289 1.62421e+10
26 2.5e-07 1e-08 93289 1.65039e+10
27 2.6e-07 1e-08 93289 1.6515e+10
28 2.7e-07 1e-08 93289 1.62839e+10
29 2.8e-07 1e-08 93289 1.70674e+10
30 2.9e-07 1e-08 93289 1.63732e+10
31 3e-07 1e-08 93289 1.66523e+10
32 3.1e-07 1e-08 93289 1.72052e+10
33 3.2e-07 1e-08 93289 1.68264e+10
34 3.3e-07 1e-08 93289 1.65167e+10
35 3.4e-07 1e-08 93289 1.68443e+10
36 3.5e-07 1e-08 93289 1.67293e+10
37 3.6e-07 1e-08 93289 1.6671e+10
38 3.7e-07 1e-08 93289 1.7163e+10
39 3.8e-07 1e-08 93289 1.66669e+10
40 3.9e-07 1e-08 93289 1.71767e+10
41 4e-07 1e-08 93289 1.74901e+10
42 4.1e-07 1e-08 93289 1.70611e+10
43 4.2e-07 1e-08 93289 1.67744e+10
44 4.3e-07 1e-08 93289 1.71916e+10
45 4.4e-07 1e-08 93289 1.65589e+10
46 4.5e-07 1e-08 93289 1.66638e+10
47 4.6e-07 1e-08 93289 1.7095e+10
48 4.7e-07 1e-08 93289 1.71299e+10
49 4.8e-07 1e-08 93289 1.67772e+10
50 4.9e-07 1e-08 93289 1.82985e+10
51 5e-07 1e-08 93289 1.70149e+10
52 5.1e-07 1e-08 93289 1.65947e+10
53 5.2e-07 1e-08 93289 1.66129e+10
54 5.3e-07 1e-08 93289 1.7125e+10
55 5.4e-07 1e-08 93289 1.742e+10
56 5.5e-07 1e-08 93289 1.67242e+10
57 5.6e-07 1e-08 93289 1.64652e+10
58 5.7e-07 1e-08 93289 1.65531e+10
59 5.8e-07 1e-08 95732 1.69323e+10
60 5.9e-07 1e-08 95732 1.64596e+10
61 6e-07 1e-08 95733 1.6687e+10
62 6.1e-07 1e-08 95733 1.75032e+10
63 6.2e-07 1e-08 95733 1.77902e+10
64 6.3e-07 1e-08 95733 1.72682e+10
65 6.4e-07 1e-08 95733 1.67274e+10
66 6.5e-07 1e-08 95733 1.72954e+10
67 6.6e-07 1e-08 95733 1.68591e+10
68 6.7e-07 1e-08 95733 1.71481e+10
69 6.8e-07 1e-08 95733 1.69481e+10
70 6.9e-07 1e-08 95733 1.71193e+10
71 7e-07 1e-08 95733 1.72386e+10
72 7.1e-07 1e-08 95733 1.65586e+10
73 7.2e-07 1e-08 95732 1.75629e+10
74 7.3e-07 1e-08 95733 1.75143e+10
75 7.4e-07 1e-08 95733 1.74082e+10
76 7.5e-07 1e-08 95733 1.73437e+10
77 7.6e-07 1e-08 95733 1.68337e+10
78 7.7e-07 1e-08 95733 1.71821e+10
79 7.8e-07 1e-08 95733 1.74012e+10
80 7.9e-07 1e-08 95733 1.69266e+10
81 8e-07 1e-08 95734 1.72208e+10
82 8.1e-07 1e-08 95734 1.67104e+10
83 8.2e-07 1e-08 95734 1.71671e+10
84 8.3e-07 1e-08 95735 1.74477e+10
85 8.4e-07 1e-08 95735 1.73915e+10
86 8.5e-07 1e-08 95735 1.6974e+10
87 8.6e-07 1e-08 95735 1.68247e+10
88 8.7e-07 1e-08 95735 1.75072e+10
89 8.8e-07 1e-08 95735 1.70033e+10
90 8.9e-07 1e-08 95735 1.71286e+10
91 9e-07 1e-08 95735 1.75698e+10
92 9.1e-07 1e-08 95735 1.71847e+10
93 9.2e-07 1e-08 95735 1.71634e+10
94 9.3e-07 1e-08 95735 1.74037e+10
95 9.4e-07 1e-08 95735 1.70574e+10
96 9.5e-07 1e-08 95735 1.74213e+10
97 9.6e-07 1e-08 95735 1.7119e+10
98 9.7e-07 1e-08 95735 1.73921e+10
99 9.8e-07 1e-08 95735 1.75782e+10
100 9.9e-07 1e-08 95735 1.76906e+10
101 1e-06 1e-08 95734 1.72585e+10
102 1.01e-06 1e-08 95734 1.78315e+10
103 1.02e-06 1e-08 95734 1.7708e+10
104 1.03e-06 1e-08 95734 1.77278e+10
105 1.04e-06 1e-08 98047 1.69904e+10
106 1.05e-06 1e-08 98047 1.79776e+10
107 1.06e-06 1e-08 98048 1.7461e+10
108 1.07e-06 1e-08 98048 1.75419e+10
109 1.08e-06 1e-08 98048 1.76567e+10
110 1.09e-06 1e-08 98048 1.73605e+10
111 1.1e-06 1e-08 98048 1.75728e+10
112 1.11e-06 1e-08 98048 1.75668e+10
113 1.12e-06 1e-08 98048 1.74115e+10
114 1.13e-06 1e-08 98047 1.72057e+10
115 1.14e-06 1e-08 98047 1.70028e+10
116 1.15e-06 1e-08 98047 1.75303e+10
117 1.16e-06 1e-08 98047 1.75666e+10
118 1.17e-06 1e-08 98047 1.73371e+10
119 1.18e-06 1e-08 98047 1.73237e+10
120 1.19e-06 1e-08 98047 1.79824e+10
121 1.2e-06 1e-08 98047 1.72945e+10
122 1.21e-06 1e-08 98047 1.7277e+10
123 1.22e-06 1e-08 98047 1.76037e+10
124 1.23e-06 1e-08 98047 1.77505e+10
125 1.24e-06 1e-08 98047 1.79662e+10
126 1.25e-06 1e-08 98047 1.79322e+10
127 1.26e-06 1e-08 98047 1.7527e+10
128 1.27e-06 1e-08 98047 1.7461e+10
129 1.28e-06 1e-08 98047 1.77109e+10
130 1.29e-06 1e-08 99378 1.74694e+10
131 1.3e-06 1e-08 99379 1.72428e+10
132 1.31e-06 1e-08 99379 1.73164e+10
133 1.32e-06 1e-08 99379 1.76139e+10
134 1.33e-06 1e-08 99379 1.82096e+10
135 1.34e-06 1e-08 99379 1.71272e+10
136 1.35e-06 1e-08 99378 1.77695e+10
137 1.36e-06 1e-08 99378 1.71812e+10
138 1.37e-06 1e-08 99378 1.77879e+10
139 1.38e-06 1e-08 99378 1.7314e+10
140 1.39e-06 1e-08 99378 1.807e+10
141 1.4e-06 1e-08 99378 1.72175e+10
142 1.41e-06 1e-08 99378 1.79949e+10
143 1.42e-06 1e-08 99378 1.72034e+10
144 1.43e-06 1e-08 99378 1.75952e+10
145 1.44e-06 1e-08 99378 1.72821e+10
146 1.45e-06 1e-08 99378 1.75071e+10
147 1.46e-06 1e-08 99378 1.78699e+10
148 1.47e-06 1e-08 99378 1.78308e+10
149 1.48e-06 1e-08 99377 1.79681e+10
150 1.49e-06 1e-08 99377 1.80511e+10
151 1.5e-06 1e-08 99377 1.77462e+10
152 1.51e-06 1e-08 99377 1.81965e+10
153 1.52e-06 1e-08 99377 1.73594e+10
154 1.53e-06 1e-08 99377 1.75969e+10
155 1.54e-06 1e-08 99377 1.79141e+10
156 1.55e-06 1e-08 99377 1.73022e+10
157 1.56e-06 1e-08 99377 1.72965e+10
158 1.57e-06 1e-08 99377 1.74179e+10
159 1.58e-06 1e-08 99377 1.76659e+10
160 1.59e-06 1e-08 99377 1.88861e+10
161 1.6e-06 1e-08 99377 1.83161e+10
162 1.61e-06 1e-08 99378 1.83479e+10
163 1.62e-06 1e-08 99378 1.76418e+10
164 1.63e-06 1e-08 99378 1.773e+10
165 1.64e-06 1e-08 99378 1.84933e+10
166 1.65e-06 1e-08 99378 1.77905e+10
167 1.66e-06 1e-08 99378 1.83443e+10
168 1.67e-06 1e-08 99378 1.76058e+10
169 1.68e-06 1e-08 99379 1.84332e+10
170 1.69e-06 1e-08 99380 1.75866e+10
171 1.7e-06 1e-08 99380 1.85026e+10
172 1.71e-06 1e-08 99379 1.76156e+10
173 1.72e-06 1e-08 99379 1.74981e+10
174 1.73e-06 1e-08 99379 1.83771e+10
175 1.74e-06 1e-08 99379 1.80567e+10
176 1.75e-06 1e-08 102169 1.80892e+10
177 1.76e-06 1e-08 102168 1.83147e+10
178 1.77e-06 1e-08 102168 1.80737e+10
179 1.78e-06 1e-08 102168 1.88421e+10
180 1.79e-06 1e-08 102168 1.85747e+10
181 1.8e-06 1e-08 102168 1.78315e+10
182 1.81e-06 1e-08 102168 1.8517e+10
183 1.82e-06 1e-08 102168 1.91933e+10
184 1.83e-06 1e-08 102168 1.82624e+10
185 1.84e-06 1e-08 102168 1.84984e+10
186 1.85e-06 1e-08 102167 1.78494e+10
187 1.86e-06 1e-08 102167 1.84318e+10
188 1.87e-06 1e-08 102167 1.85613e+10
189 1.88e-06 1e-08 102167 1.82014e+10
190 1.89e-06 1e-08 102167 1.88151e+10
191 1.9e-06 1e-08 102166 1.83816e+10
192 1.91e-06 1e-08 102166 1.85965e+10
193 1.92e-06 1e-08 102166 1.8578e+10
194 1.93e-06 1e-08 102166 1.85967e+10
195 1.94e-06 1e-08 102166 1.786e+10
196 1.95e-06 1e-08 102166 1.86405e+10
197 1.96e-06 1e-08 102166 1.87121e+10
198 1.97e-06 1e-08 102166 1.87162e+10
199 1.98e-06 1e-08 102166 1.86709e+10
200 1.99e-06 1e-08 102166 1.85542e+10
201 2e-06 1e-08 102166 1.88344e+10
202 2.01e-06 1e-08 102166 1.91778e+10
203 2.02e-06 1e-08 102166 1.91401e+10
204 2.03e-06 1e-08 102166 2.01856e+10
205 2.04e-06 1e-08 102166 1.88053e+10
206 2.05e-06 1e-08 102166 1.85611e+10
207 2.06e-06 1e-08 102166 1.83448e+10
208 2.07e-06 1e-08 102165 1.87459e+10
209 2.08e-06 1e-08 102165 1.87966e+10
210 2.09e-06 1e-08 102165 1.80133e+10
211 2.1e-06 1e-08 102165 1.86731e+10
212 2.11e-06 1e-08 102165 1.82192e+10
213 2.12e-06 1e-08 102165 1.85609e+10
214 2.13e-06 1e-08 102165 1.90652e+10
215 2.14e-06 1e-08 102165 1.87213e+10
216 2.15e-06 1e-08 102165 1.8304e+10
217 2.16e-06 1e-08 102164 1.83053e+10
218 2.17e-06 1e-08 102164 1.83387e+10
219 2.18e-06 1e-08 102165 1.81287e+10
220 2.19e-06 1e-08 102165 1.85719e+10
221 2.2e-06 1e-08 102165 1.83533e+10
222 2.21e-06 1e-08 102165 1.88248e+10
223 2.22e-06 1e-08 102165 1.86118e+10
224 2.23e-06 1e-08 102165 1.8966e+10
225 2.24e-06 1e-08 102165 1.82198e+10
226 2.25e-06 1e-08 102165 1.85144e+10
227 2.26e-06 1e-08 102165 1.86472e+10
228 2.27e-06 1e-08 102165 1.8059e+10
229 2.28e-06 1e-08 102165 1.85353e+10
230 2.29e-06 1e-08 102165 1.85695e+10
231 2.3e-06 1e-08 102165 1.95349e+10
232 2.31e-06 1e-08 102165 1.96938e+10
233 2.32e-06 1e-08 102165 1.86478e+10
234 2.33e-06 1e-08 102165 1.925e+10
235 2.34e-06 1e-08 102165 1.89564e+10
236 2.35e-06 1e-08 105736 1.8536e+10
237 2.36e-06 1e-08 105736 1.90017e+10
238 2.37e-06 1e-08 105736 1.90534e+10
239 2.38e-06 1e-08 103843 1.8888e+10
240 2.39e-06 1e-08 105736 1.83195e+10
241 2.4e-06 1e-08 105736 1.87275e+10
242 2.41e-06 1e-08 105736 1.84531e+10
243 2.42e-06 1e-08 105736 1.84931e+10
244 2.43e-06 1e-08 105737 1.8354e+10
245 2.44e-06 1e-08 105737 1.86725e+10
246 2.45e-06 1e-08 105737 1.84267e+10
247 2.46e-06 1e-08 105736 1.90972e+10
248 2.47e-06 1e-08 105736 1.81519e+10
249 2.48e-06 1e-08 105736 1.91697e+10
250 2.49e-06 1e-08 105736 1.99924e+10
251 2.5e-06 1e-08 105736 1.9236e+10
252 2.51e-06 1e-08 105736 1.88835e+10
253 2.52e-06 1e-08 105736 1.84042e+10
254 2.53e-06 1e-08 105736 1.84382e+10
255 2.54e-06 1e-08 105736 1.92785e+10
256 2.55e-06 1e-08 105736 1.90132e+10
257 2.56e-06 1e-08 105736 1.92008e+10
