# Number of cores: 10
# Iteration | Time | TimeStep | NumPartUpdates | ElapsedTicks (cycle.h)
1 0 0 183963 3.45886e+10
2 1e-08 1e-08 183963 3.19859e+10
3 2e-08 1e-08 183963 3.27121e+10
4 3e-08 1e-08 183963 3.2731e+10
5 4e-08 1e-08 183963 3.29447e+10
6 5e-08 1e-08 183963 3.17616e+10
7 6e-08 1e-08 183963 3.23126e+10
8 7e-08 1e-08 183964 3.31991e+10
9 8e-08 1e-08 183963 3.23147e+10
10 9e-08 1e-08 183963 3.28677e+10
11 1e-07 1e-08 183964 3.26094e+10
12 1.1e-07 1e-08 183963 3.28295e+10
13 1.2e-07 1e-08 183963 3.23607e+10
14 1.3e-07 1e-08 183963 3.279e+10
15 1.4e-07 1e-08 186256 3.35803e+10
16 1.5e-07 1e-08 186256 3.31371e+10
17 1.6e-07 1e-08 186255 3.2841e+10
18 1.7e-07 1e-08 186255 3.27458e+10
19 1.8e-07 1e-08 186255 3.1756e+10
20 1.9e-07 1e-08 186255 3.26209e+10
21 2e-07 1e-08 186255 3.15661e+10
22 2.1e-07 1e-08 186255 3.22889e+10
23 2.2e-07 1e-08 186255 3.18118e+10
24 2.3e-07 1e-08 186255 3.29793e+10
25 2.4e-07 1e-08 186255 3.18468e+10
26 2.5e-07 1e-08 186255 3.21964e+10
27 2.6e-07 1e-08 186255 3.17404e+10
28 2.7e-07 1e-08 186254 3.17026e+10
29 2.8e-07 1e-08 186254 3.3258e+10
30 2.9e-07 1e-08 186254 3.19298e+10
31 3e-07 1e-08 186254 3.24714e+10
32 3.1e-07 1e-08 186254 3.30908e+10
33 3.2e-07 1e-08 186254 3.2542e+10
34 3.3e-07 1e-08 186254 3.20705e+10
35 3.4e-07 1e-08 186254 3.25962e+10
36 3.5e-07 1e-08 186254 3.26849e+10
37 3.6e-07 1e-08 186255 3.25801e+10
38 3.7e-07 1e-08 186255 3.3074e+10
39 3.8e-07 1e-08 186255 3.20638e+10
40 3.9e-07 1e-08 188306 3.31353e+10
41 4e-07 1e-08 188305 3.30021e+10
42 4.1e-07 1e-08 188306 3.3234e+10
43 4.2e-07 1e-08 188305 3.22633e+10
44 4.3e-07 1e-08 188306 3.32161e+10
45 4.4e-07 1e-08 188306 3.2068e+10
46 4.5e-07 1e-08 188305 3.23431e+10
47 4.6e-07 1e-08 188305 3.29472e+10
48 4.7e-07 1e-08 188305 3.31947e+10
49 4.8e-07 1e-08 188305 3.1646e+10
50 4.9e-07 1e-08 186254 3.38917e+10
51 5e-07 1e-08 186254 3.22862e+10
52 5.1e-07 1e-08 186254 3.14376e+10
53 5.2e-07 1e-08 186254 3.14109e+10
54 5.3e-07 1e-08 186253 3.22141e+10
55 5.4e-07 1e-08 186253 3.24937e+10
56 5.5e-07 1e-08 186253 3.15856e+10
57 5.6e-07 1e-08 186253 3.12077e+10
58 5.7e-07 1e-08 186253 3.11483e+10
59 5.8e-07 1e-08 186253 3.18011e+10
60 5.9e-07 1e-08 186254 3.14936e+10
61 6e-07 1e-08 186254 3.16083e+10
62 6.1e-07 1e-08 186254 3.27944e+10
63 6.2e-07 1e-08 186254 3.30691e+10
64 6.3e-07 1e-08 186254 3.25708e+10
65 6.4e-07 1e-08 186254 3.16659e+10
66 6.5e-07 1e-08 190790 3.3257e+10
67 6.6e-07 1e-08 188305 3.21765e+10
68 6.7e-07 1e-08 188305 3.24206e+10
69 6.8e-07 1e-08 188304 3.22709e+10
70 6.9e-07 1e-08 188304 3.23127e+10
71 7e-07 1e-08 188303 3.20304e+10
72 7.1e-07 1e-08 188303 3.12704e+10
73 7.2e-07 1e-08 188303 3.24073e+10
74 7.3e-07 1e-08 188304 3.27518e+10
75 7.4e-07 1e-08 188303 3.27234e+10
76 7.5e-07 1e-08 188303 3.24965e+10
77 7.6e-07 1e-08 188304 3.16855e+10
78 7.7e-07 1e-08 188304 3.26358e+10
79 7.8e-07 1e-08 188304 3.24595e+10
80 7.9e-07 1e-08 188304 3.18251e+10
81 8e-07 1e-08 188305 3.23904e+10
82 8.1e-07 1e-08 188304 3.14037e+10
83 8.2e-07 1e-08 188304 3.21084e+10
84 8.3e-07 1e-08 188303 3.27458e+10
85 8.4e-07 1e-08 188303 3.26365e+10
86 8.5e-07 1e-08 188303 3.16628e+10
87 8.6e-07 1e-08 188304 3.16257e+10
88 8.7e-07 1e-08 188304 3.30135e+10
89 8.8e-07 1e-08 188303 3.19482e+10
90 8.9e-07 1e-08 188303 3.22844e+10
91 9e-07 1e-08 188303 3.27983e+10
92 9.1e-07 1e-08 188303 3.29996e+10
93 9.2e-07 1e-08 190789 3.28601e+10
94 9.3e-07 1e-08 190789 3.32404e+10
95 9.4e-07 1e-08 190789 3.24515e+10
96 9.5e-07 1e-08 190789 3.32833e+10
97 9.6e-07 1e-08 190789 3.2485e+10
98 9.7e-07 1e-08 190789 3.33455e+10
99 9.8e-07 1e-08 190788 3.2905e+10
100 9.9e-07 1e-08 190788 3.32486e+10
101 1e-06 1e-08 190788 3.24984e+10
102 1.01e-06 1e-08 190788 3.28478e+10
103 1.02e-06 1e-08 190788 3.32879e+10
104 1.03e-06 1e-08 190788 3.32668e+10
105 1.04e-06 1e-08 190788 3.1933e+10
106 1.05e-06 1e-08 190787 3.32779e+10
107 1.06e-06 1e-08 190788 3.31057e+10
108 1.07e-06 1e-08 190788 3.27557e+10
109 1.08e-06 1e-08 190788 3.28775e+10
110 1.09e-06 1e-08 190788 3.23192e+10
111 1.1e-06 1e-08 190788 3.29314e+10
112 1.11e-06 1e-08 190788 3.22382e+10
113 1.12e-06 1e-08 190788 3.24646e+10
114 1.13e-06 1e-08 195902 3.25285e+10
115 1.14e-06 1e-08 190786 3.26959e+10
116 1.15e-06 1e-08 190786 3.24673e+10
117 1.16e-06 1e-08 190786 3.32737e+10
118 1.17e-06 1e-08 190786 3.27206e+10
119 1.18e-06 1e-08 190786 3.22661e+10
120 1.19e-06 1e-08 190786 3.32953e+10
121 1.2e-06 1e-08 190785 3.19402e+10
122 1.21e-06 1e-08 190785 3.22452e+10
123 1.22e-06 1e-08 190785 3.25929e+10
124 1.23e-06 1e-08 190785 3.29408e+10
125 1.24e-06 1e-08 190785 3.33972e+10
126 1.25e-06 1e-08 190785 3.33906e+10
127 1.26e-06 1e-08 190785 3.28745e+10
128 1.27e-06 1e-08 190785 3.25483e+10
129 1.28e-06 1e-08 190785 3.30151e+10
130 1.29e-06 1e-08 190784 3.25054e+10
131 1.3e-06 1e-08 195900 3.24412e+10
132 1.31e-06 1e-08 195899 3.22191e+10
133 1.32e-06 1e-08 195900 3.28022e+10
134 1.33e-06 1e-08 196352 3.29283e+10
135 1.34e-06 1e-08 196352 3.19157e+10
136 1.35e-06 1e-08 196352 3.31593e+10
137 1.36e-06 1e-08 190785 3.26543e+10
138 1.37e-06 1e-08 190785 3.35142e+10
139 1.38e-06 1e-08 190785 3.24383e+10
140 1.39e-06 1e-08 190786 3.34023e+10
141 1.4e-06 1e-08 196716 3.2094e+10
142 1.41e-06 1e-08 196716 3.33375e+10
143 1.42e-06 1e-08 196716 3.18309e+10
144 1.43e-06 1e-08 196716 3.26702e+10
145 1.44e-06 1e-08 196716 3.25279e+10
146 1.45e-06 1e-08 196716 3.24923e+10
147 1.46e-06 1e-08 197971 3.31385e+10
148 1.47e-06 1e-08 197972 3.28822e+10
149 1.48e-06 1e-08 197971 3.29654e+10
150 1.49e-06 1e-08 197971 3.3305e+10
151 1.5e-06 1e-08 197971 3.35048e+10
152 1.51e-06 1e-08 199044 3.36316e+10
153 1.52e-06 1e-08 197972 3.29329e+10
154 1.53e-06 1e-08 196354 3.2975e+10
155 1.54e-06 1e-08 197971 3.34298e+10
156 1.55e-06 1e-08 197971 3.26334e+10
157 1.56e-06 1e-08 196716 3.30714e+10
158 1.57e-06 1e-08 196716 3.31398e+10
159 1.58e-06 1e-08 196717 3.35842e+10
160 1.59e-06 1e-08 196717 3.51079e+10
161 1.6e-06 1e-08 196717 3.37391e+10
162 1.61e-06 1e-08 196718 3.42525e+10
163 1.62e-06 1e-08 196718 3.29824e+10
164 1.63e-06 1e-08 196719 3.32355e+10
165 1.64e-06 1e-08 198705 3.47048e+10
166 1.65e-06 1e-08 198706 3.31558e+10
167 1.66e-06 1e-08 197975 3.46702e+10
168 1.67e-06 1e-08 197975 3.49663e+10
169 1.68e-06 1e-08 197976 3.47679e+10
170 1.69e-06 1e-08 197977 3.27361e+10
171 1.7e-06 1e-08 197977 3.70371e+10
172 1.71e-06 1e-08 195905 3.4716e+10
173 1.72e-06 1e-08 195905 3.41017e+10
174 1.73e-06 1e-08 195905 3.58008e+10
175 1.74e-06 1e-08 195905 3.52594e+10
176 1.75e-06 1e-08 195906 3.46455e+10
177 1.76e-06 1e-08 195905 3.47926e+10
178 1.77e-06 1e-08 198706 3.39486e+10
179 1.78e-06 1e-08 198706 3.46261e+10
180 1.79e-06 1e-08 198706 3.45316e+10
181 1.8e-06 1e-08 198706 3.34237e+10
182 1.81e-06 1e-08 198705 3.39301e+10
183 1.82e-06 1e-08 198705 3.4729e+10
184 1.83e-06 1e-08 198705 3.36368e+10
185 1.84e-06 1e-08 198705 3.40141e+10
186 1.85e-06 1e-08 199045 3.25626e+10
187 1.86e-06 1e-08 199045 3.35973e+10
188 1.87e-06 1e-08 199045 3.39872e+10
189 1.88e-06 1e-08 199202 3.33767e+10
190 1.89e-06 1e-08 199202 3.43821e+10
191 1.9e-06 1e-08 199201 3.4279e+10
192 1.91e-06 1e-08 199202 3.40044e+10
193 1.92e-06 1e-08 199203 3.38974e+10
194 1.93e-06 1e-08 196718 3.36556e+10
195 1.94e-06 1e-08 196718 3.22672e+10
196 1.95e-06 1e-08 196718 3.35574e+10
197 1.96e-06 1e-08 199202 3.44555e+10
198 1.97e-06 1e-08 199202 3.44261e+10
199 1.98e-06 1e-08 199202 3.42634e+10
200 1.99e-06 1e-08 199202 3.40627e+10
201 2e-06 1e-08 199202 3.45602e+10
202 2.01e-06 1e-08 199202 3.39244e+10
203 2.02e-06 1e-08 199202 3.42394e+10
204 2.03e-06 1e-08 197973 3.49728e+10
205 2.04e-06 1e-08 197973 3.36462e+10
206 2.05e-06 1e-08 197973 3.31425e+10
207 2.06e-06 1e-08 197974 3.25651e+10
208 2.07e-06 1e-08 197974 3.39305e+10
209 2.08e-06 1e-08 197974 3.41107e+10
210 2.09e-06 1e-08 197974 3.35054e+10
211 2.1e-06 1e-08 199203 3.52838e+10
212 2.11e-06 1e-08 198706 3.35741e+10
213 2.12e-06 1e-08 198707 3.39315e+10
214 2.13e-06 1e-08 198707 3.34991e+10
215 2.14e-06 1e-08 198707 3.41083e+10
216 2.15e-06 1e-08 198706 3.32681e+10
217 2.16e-06 1e-08 198705 3.32514e+10
218 2.17e-06 1e-08 198705 3.30284e+10
219 2.18e-06 1e-08 199046 3.274e+10
220 2.19e-06 1e-08 199046 3.37776e+10
221 2.2e-06 1e-08 199046 3.30446e+10
222 2.21e-06 1e-08 199203 3.38451e+10
223 2.22e-06 1e-08 199203 3.36645e+10
224 2.23e-06 1e-08 199203 3.4392e+10
225 2.24e-06 1e-08 199203 3.28791e+10
226 2.25e-06 1e-08 199203 3.35251e+10
227 2.26e-06 1e-08 199203 3.38901e+10
228 2.27e-06 1e-08 199203 3.26563e+10
229 2.28e-06 1e-08 199203 3.34862e+10
230 2.29e-06 1e-08 199203 3.36889e+10
231 2.3e-06 1e-08 200910 3.59469e+10
232 2.31e-06 1e-08 200910 3.52715e+10
233 2.32e-06 1e-08 200910 3.44258e+10
234 2.33e-06 1e-08 200910 3.55451e+10
235 2.34e-06 1e-08 200909 3.47334e+10
236 2.35e-06 1e-08 200908 3.38269e+10
237 2.36e-06 1e-08 200907 3.46175e+10
238 2.37e-06 1e-08 200908 3.49418e+10
239 2.38e-06 1e-08 200908 3.54627e+10
240 2.39e-06 1e-08 196719 3.52117e+10
241 2.4e-06 1e-08 196718 3.56858e+10
242 2.41e-06 1e-08 196718 3.52443e+10
243 2.42e-06 1e-08 196719 3.52405e+10
244 2.43e-06 1e-08 196718 3.48564e+10
245 2.44e-06 1e-08 196718 3.5518e+10
246 2.45e-06 1e-08 200907 3.46646e+10
247 2.46e-06 1e-08 200907 3.58395e+10
248 2.47e-06 1e-08 200907 3.42763e+10
249 2.48e-06 1e-08 200907 3.50998e+10
250 2.49e-06 1e-08 200906 3.55626e+10
251 2.5e-06 1e-08 197972 3.58873e+10
252 2.51e-06 1e-08 200906 3.52845e+10
253 2.52e-06 1e-08 200906 3.45777e+10
254 2.53e-06 1e-08 200906 3.41315e+10
255 2.54e-06 1e-08 200906 3.51243e+10
256 2.55e-06 1e-08 200906 3.53302e+10
257 2.56e-06 1e-08 200906 3.56577e+10
